/*--------------------------------*- C++ -*----------------------------------*\
| =========                 |                                                 |
| \\      /  F ield         | OpenFOAM: The Open Source CFD Toolbox           |
|  \\    /   O peration     | Version:  2112                                  |
|   \\  /    A nd           | Website:  www.openfoam.com                      |
|    \\/     M anipulation  |                                                 |
\*---------------------------------------------------------------------------*/
FoamFile
{
    version     2.0;
    format      ascii;
    arch        "LSB;label=64;scalar=64";
    class       volVectorField;
    location    "0.1";
    object      grad(T);
}
// * * * * * * * * * * * * * * * * * * * * * * * * * * * * * * * * * * * * * //

dimensions      [0 -1 0 1 0 0 0];

internalField   nonuniform List<vector> 
2500
(
(-4.39448e-08 -4.39448e-08 0)
(-3.95112e-08 -1.23003e-07 0)
(-3.50817e-08 -1.93272e-07 0)
(-3.0663e-08 -2.54802e-07 0)
(-2.62648e-08 -3.07658e-07 0)
(-2.18985e-08 -3.51926e-07 0)
(-1.75782e-08 -3.87718e-07 0)
(-1.33195e-08 -4.15169e-07 0)
(-9.13875e-09 -4.3445e-07 0)
(-5.0545e-09 -4.45763e-07 0)
(-1.0855e-09 -4.49342e-07 0)
(2.74975e-09 -4.45456e-07 0)
(6.4315e-09 -4.34412e-07 0)
(9.94075e-09 -4.16552e-07 0)
(1.32595e-08 -3.92252e-07 0)
(1.637e-08 -3.6192e-07 0)
(1.92553e-08 -3.25991e-07 0)
(2.18998e-08 -2.84936e-07 0)
(2.42903e-08 -2.39249e-07 0)
(2.64145e-08 -1.89443e-07 0)
(2.8262e-08 -1.36055e-07 0)
(2.98251e-08 -7.9633e-08 0)
(3.10976e-08 -2.07372e-08 0)
(3.20758e-08 4.00656e-08 0)
(3.27592e-08 1.02208e-07 0)
(3.31485e-08 1.65124e-07 0)
(3.32482e-08 2.28257e-07 0)
(3.3065e-08 2.91065e-07 0)
(3.2608e-08 3.5302e-07 0)
(3.18893e-08 4.13618e-07 0)
(3.09227e-08 4.72389e-07 0)
(2.97255e-08 5.28884e-07 0)
(2.83175e-08 5.82702e-07 0)
(2.672e-08 6.33479e-07 0)
(2.49565e-08 6.80894e-07 0)
(2.3054e-08 7.24685e-07 0)
(2.10402e-08 7.64631e-07 0)
(1.89445e-08 8.0058e-07 0)
(1.67987e-08 8.32435e-07 0)
(1.4636e-08 8.60159e-07 0)
(1.24905e-08 8.83786e-07 0)
(1.03975e-08 9.03414e-07 0)
(8.39375e-09 9.19214e-07 0)
(6.5165e-09 9.31428e-07 0)
(4.80325e-09 9.40363e-07 0)
(3.29325e-09 9.46411e-07 0)
(2.0245e-09 9.50031e-07 0)
(1.0365e-09 9.51754e-07 0)
(3.685e-10 9.52195e-07 0)
(5.95e-11 9.52035e-07 0)
(-1.23003e-07 -3.95112e-08 0)
(-1.09817e-07 -1.09817e-07 0)
(-9.67165e-08 -1.71517e-07 0)
(-8.37222e-08 -2.24734e-07 0)
(-7.08593e-08 -2.696e-07 0)
(-5.8162e-08 -3.06272e-07 0)
(-4.5665e-08 -3.34917e-07 0)
(-3.34125e-08 -3.55734e-07 0)
(-2.1455e-08 -3.6895e-07 0)
(-9.8375e-09 -3.74812e-07 0)
(1.3925e-09 -3.73605e-07 0)
(1.218e-08 -3.65637e-07 0)
(2.24725e-08 -3.51247e-07 0)
(3.222e-08 -3.30806e-07 0)
(4.13725e-08 -3.04711e-07 0)
(4.9891e-08 -2.7338e-07 0)
(5.77283e-08 -2.37263e-07 0)
(6.4842e-08 -1.96828e-07 0)
(7.12025e-08 -1.5256e-07 0)
(7.67793e-08 -1.04961e-07 0)
(8.15485e-08 -5.45458e-08 0)
(8.54929e-08 -1.83625e-09 0)
(8.8601e-08 5.26404e-08 0)
(9.08691e-08 1.08358e-07 0)
(9.22993e-08 1.64793e-07 0)
(9.2901e-08 2.21433e-07 0)
(9.26922e-08 2.77773e-07 0)
(9.16972e-08 3.33335e-07 0)
(8.99458e-08 3.87651e-07 0)
(8.748e-08 4.40292e-07 0)
(8.43425e-08 4.90846e-07 0)
(8.05875e-08 5.38949e-07 0)
(7.62775e-08 5.84266e-07 0)
(7.14725e-08 6.26506e-07 0)
(6.625e-08 6.65431e-07 0)
(6.06825e-08 7.00845e-07 0)
(5.4855e-08 7.32604e-07 0)
(4.886e-08 7.60625e-07 0)
(4.278e-08 7.84877e-07 0)
(3.6715e-08 8.05393e-07 0)
(3.0765e-08 8.22269e-07 0)
(2.503e-08 8.35656e-07 0)
(1.962e-08 8.45781e-07 0)
(1.46325e-08 8.52927e-07 0)
(1.018e-08 8.5745e-07 0)
(6.375e-09 8.59773e-07 0)
(3.3175e-09 8.60382e-07 0)
(1.1275e-09 8.59834e-07 0)
(-8.75e-11 8.58755e-07 0)
(-2.2e-10 8.57835e-07 0)
(-1.93272e-07 -3.50818e-08 0)
(-1.71517e-07 -9.67165e-08 0)
(-1.49999e-07 -1.49999e-07 0)
(-1.28746e-07 -1.95114e-07 0)
(-1.07802e-07 -2.32255e-07 0)
(-8.7215e-08 -2.61633e-07 0)
(-6.704e-08 -2.83475e-07 0)
(-4.73525e-08 -2.98037e-07 0)
(-2.82175e-08 -3.05585e-07 0)
(-9.71e-09 -3.06418e-07 0)
(8.09e-09 -3.0085e-07 0)
(2.51075e-08 -2.89233e-07 0)
(4.12625e-08 -2.71928e-07 0)
(5.64775e-08 -2.4933e-07 0)
(7.0685e-08 -2.21845e-07 0)
(8.38175e-08 -1.89907e-07 0)
(9.58075e-08 -1.53969e-07 0)
(1.06603e-07 -1.14488e-07 0)
(1.16157e-07 -7.19425e-08 0)
(1.24429e-07 -2.68175e-08 0)
(1.31387e-07 2.03968e-08 0)
(1.37011e-07 6.92074e-08 0)
(1.41291e-07 1.19124e-07 0)
(1.44228e-07 1.6966e-07 0)
(1.45835e-07 2.20341e-07 0)
(1.46129e-07 2.70701e-07 0)
(1.4515e-07 3.20297e-07 0)
(1.42943e-07 3.68706e-07 0)
(1.39565e-07 4.15528e-07 0)
(1.35085e-07 4.6039e-07 0)
(1.2958e-07 5.02958e-07 0)
(1.23145e-07 5.42935e-07 0)
(1.15875e-07 5.8005e-07 0)
(1.07885e-07 6.14092e-07 0)
(9.9295e-08 6.44887e-07 0)
(9.02275e-08 6.7231e-07 0)
(8.082e-08 6.9629e-07 0)
(7.12175e-08 7.168e-07 0)
(6.15675e-08 7.3388e-07 0)
(5.20275e-08 7.47618e-07 0)
(4.27525e-08 7.58165e-07 0)
(3.391e-08 7.65728e-07 0)
(2.5665e-08 7.7057e-07 0)
(1.8185e-08 7.73022e-07 0)
(1.165e-08 7.73475e-07 0)
(6.225e-09 7.72372e-07 0)
(2.085e-09 7.70228e-07 0)
(-5.9e-10 7.67613e-07 0)
(-1.63e-09 7.65155e-07 0)
(-8.6e-10 7.63553e-07 0)
(-2.54802e-07 -3.0663e-08 0)
(-2.24734e-07 -8.37222e-08 0)
(-1.95114e-07 -1.28746e-07 0)
(-1.65978e-07 -1.65978e-07 0)
(-1.37377e-07 -1.9566e-07 0)
(-1.09382e-07 -2.18057e-07 0)
(-8.207e-08 -2.33453e-07 0)
(-5.55225e-08 -2.42137e-07 0)
(-2.9835e-08 -2.4442e-07 0)
(-5.1025e-09 -2.4064e-07 0)
(1.85775e-08 -2.31145e-07 0)
(4.11025e-08 -2.1631e-07 0)
(6.2375e-08 -1.96517e-07 0)
(8.23025e-08 -1.7218e-07 0)
(1.00795e-07 -1.43713e-07 0)
(1.17767e-07 -1.11552e-07 0)
(1.33147e-07 -7.615e-08 0)
(1.46868e-07 -3.79525e-08 0)
(1.58873e-07 2.57275e-09 0)
(1.69119e-07 4.4964e-08 0)
(1.77573e-07 8.87574e-08 0)
(1.8422e-07 1.33492e-07 0)
(1.89054e-07 1.78716e-07 0)
(1.92086e-07 2.23985e-07 0)
(1.93339e-07 2.68871e-07 0)
(1.92857e-07 3.12963e-07 0)
(1.90698e-07 3.55872e-07 0)
(1.86928e-07 3.9723e-07 0)
(1.8163e-07 4.36705e-07 0)
(1.7491e-07 4.73985e-07 0)
(1.66888e-07 5.08802e-07 0)
(1.5768e-07 5.40923e-07 0)
(1.47435e-07 5.7015e-07 0)
(1.3631e-07 5.96337e-07 0)
(1.24467e-07 6.19372e-07 0)
(1.12085e-07 6.39197e-07 0)
(9.9345e-08 6.55805e-07 0)
(8.645e-08 6.69232e-07 0)
(7.35975e-08 6.7957e-07 0)
(6.1e-08 6.86965e-07 0)
(4.8875e-08 6.9161e-07 0)
(3.7435e-08 6.93762e-07 0)
(2.6915e-08 6.93723e-07 0)
(1.75375e-08 6.91855e-07 0)
(9.53e-09 6.88577e-07 0)
(3.1275e-09 6.84353e-07 0)
(-1.4425e-09 6.79713e-07 0)
(-3.945e-09 6.75232e-07 0)
(-4.1475e-09 6.7154e-07 0)
(-1.8225e-09 6.69327e-07 0)
(-3.07658e-07 -2.62648e-08 0)
(-2.696e-07 -7.08593e-08 0)
(-2.32255e-07 -1.07803e-07 0)
(-1.9566e-07 -1.37377e-07 0)
(-1.59882e-07 -1.59882e-07 0)
(-1.25008e-07 -1.75628e-07 0)
(-9.112e-08 -1.8493e-07 0)
(-5.832e-08 -1.88117e-07 0)
(-2.672e-08 -1.85547e-07 0)
(3.565e-09 -1.77573e-07 0)
(3.242e-08 -1.6458e-07 0)
(5.9735e-08 -1.46953e-07 0)
(8.53925e-08 -1.251e-07 0)
(1.09283e-07 -9.9435e-08 0)
(1.31312e-07 -7.03825e-08 0)
(1.5138e-07 -3.83775e-08 0)
(1.69407e-07 -3.86e-09 0)
(1.85326e-07 3.273e-08 0)
(1.99074e-07 7.09495e-08 0)
(2.10613e-07 1.10358e-07 0)
(2.19915e-07 1.50523e-07 0)
(2.2697e-07 1.91017e-07 0)
(2.31784e-07 2.31429e-07 0)
(2.34384e-07 2.71357e-07 0)
(2.34813e-07 3.10422e-07 0)
(2.3313e-07 3.4827e-07 0)
(2.29418e-07 3.8456e-07 0)
(2.23775e-07 4.18988e-07 0)
(2.1632e-07 4.51273e-07 0)
(2.07183e-07 4.8118e-07 0)
(1.96517e-07 5.08492e-07 0)
(1.84492e-07 5.33042e-07 0)
(1.7129e-07 5.54705e-07 0)
(1.57108e-07 5.73385e-07 0)
(1.42155e-07 5.8904e-07 0)
(1.2666e-07 6.01673e-07 0)
(1.10855e-07 6.11328e-07 0)
(9.49825e-08 6.18102e-07 0)
(7.93e-08 6.22135e-07 0)
(6.40675e-08 6.23622e-07 0)
(4.955e-08 6.22798e-07 0)
(3.60225e-08 6.19958e-07 0)
(2.37575e-08 6.1544e-07 0)
(1.304e-08 6.09628e-07 0)
(4.1475e-09 6.0296e-07 0)
(-2.64e-09 5.95918e-07 0)
(-7.035e-09 5.89038e-07 0)
(-8.7625e-09 5.82892e-07 0)
(-7.535e-09 5.7811e-07 0)
(-3.0725e-09 5.7536e-07 0)
(-3.51926e-07 -2.18985e-08 0)
(-3.06272e-07 -5.8162e-08 0)
(-2.61633e-07 -8.7215e-08 0)
(-2.18057e-07 -1.09382e-07 0)
(-1.75628e-07 -1.25007e-07 0)
(-1.3443e-07 -1.3443e-07 0)
(-9.456e-08 -1.38e-07 0)
(-5.614e-08 -1.36087e-07 0)
(-1.929e-08 -1.29068e-07 0)
(1.5865e-08 -1.17325e-07 0)
(4.91975e-08 -1.01257e-07 0)
(8.05825e-08 -8.1265e-08 0)
(1.09892e-07 -5.777e-08 0)
(1.3702e-07 -3.1185e-08 0)
(1.61853e-07 -1.9375e-09 0)
(1.8429e-07 2.95425e-08 0)
(2.04255e-07 6.2835e-08 0)
(2.21677e-07 9.75103e-08 0)
(2.36501e-07 1.33151e-07 0)
(2.48691e-07 1.69343e-07 0)
(2.58232e-07 2.05686e-07 0)
(2.65126e-07 2.41791e-07 0)
(2.69394e-07 2.77286e-07 0)
(2.7108e-07 3.1182e-07 0)
(2.70253e-07 3.45058e-07 0)
(2.66995e-07 3.76695e-07 0)
(2.61415e-07 4.06452e-07 0)
(2.5364e-07 4.3408e-07 0)
(2.43822e-07 4.5936e-07 0)
(2.3213e-07 4.8211e-07 0)
(2.1875e-07 5.02182e-07 0)
(2.03893e-07 5.19465e-07 0)
(1.87777e-07 5.3389e-07 0)
(1.70645e-07 5.4543e-07 0)
(1.52755e-07 5.54098e-07 0)
(1.34372e-07 5.59945e-07 0)
(1.15775e-07 5.63077e-07 0)
(9.72575e-08 5.63635e-07 0)
(7.91175e-08 5.6181e-07 0)
(6.16625e-08 5.57832e-07 0)
(4.521e-08 5.5198e-07 0)
(3.00775e-08 5.4457e-07 0)
(1.6585e-08 5.35972e-07 0)
(5.0575e-09 5.26595e-07 0)
(-4.18e-09 5.1688e-07 0)
(-1.0795e-08 5.07325e-07 0)
(-1.44675e-08 4.9846e-07 0)
(-1.48725e-08 4.90852e-07 0)
(-1.168e-08 4.85123e-07 0)
(-4.5725e-09 4.81912e-07 0)
(-3.87718e-07 -1.75782e-08 0)
(-3.34917e-07 -4.5665e-08 0)
(-2.83475e-07 -6.704e-08 0)
(-2.33453e-07 -8.207e-08 0)
(-1.8493e-07 -9.112e-08 0)
(-1.38e-07 -9.456e-08 0)
(-9.27775e-08 -9.27775e-08 0)
(-4.93875e-08 -8.61625e-08 0)
(-7.9575e-09 -7.5105e-08 0)
(3.1375e-08 -6.00175e-08 0)
(6.848e-08 -4.12975e-08 0)
(1.03223e-07 -1.93675e-08 0)
(1.35472e-07 5.36e-09 0)
(1.65115e-07 3.2465e-08 0)
(1.9204e-07 6.1525e-08 0)
(2.16152e-07 9.21325e-08 0)
(2.37375e-07 1.23872e-07 0)
(2.55642e-07 1.56342e-07 0)
(2.70906e-07 1.89147e-07 0)
(2.83148e-07 2.21906e-07 0)
(2.92363e-07 2.54253e-07 0)
(2.9857e-07 2.85839e-07 0)
(3.01812e-07 3.16335e-07 0)
(3.02155e-07 3.45435e-07 0)
(2.99688e-07 3.72855e-07 0)
(2.94525e-07 3.98345e-07 0)
(2.86803e-07 4.21675e-07 0)
(2.76683e-07 4.42658e-07 0)
(2.6435e-07 4.61127e-07 0)
(2.50005e-07 4.7696e-07 0)
(2.33872e-07 4.90067e-07 0)
(2.162e-07 5.00398e-07 0)
(1.97255e-07 5.07938e-07 0)
(1.77315e-07 5.12715e-07 0)
(1.5667e-07 5.14795e-07 0)
(1.3564e-07 5.14282e-07 0)
(1.14545e-07 5.1133e-07 0)
(9.3715e-08 5.0612e-07 0)
(7.34975e-08 4.98885e-07 0)
(5.42375e-08 4.89892e-07 0)
(3.62875e-08 4.79448e-07 0)
(2.0015e-08 4.6791e-07 0)
(5.7825e-09 4.5562e-07 0)
(-6.0525e-09 4.4305e-07 0)
(-1.51225e-08 4.30637e-07 0)
(-2.106e-08 4.18875e-07 0)
(-2.35075e-08 4.0828e-07 0)
(-2.21e-08 3.99417e-07 0)
(-1.6475e-08 3.92877e-07 0)
(-6.2825e-09 3.8928e-07 0)
(-4.15169e-07 -1.33195e-08 0)
(-3.55734e-07 -3.34125e-08 0)
(-2.98037e-07 -4.73525e-08 0)
(-2.42138e-07 -5.55225e-08 0)
(-1.88118e-07 -5.832e-08 0)
(-1.36087e-07 -5.614e-08 0)
(-8.61625e-08 -4.93875e-08 0)
(-3.84675e-08 -3.84675e-08 0)
(6.855e-09 -2.37925e-08 0)
(4.96725e-08 -5.775e-09 0)
(8.98475e-08 1.517e-08 0)
(1.2724e-07 3.8625e-08 0)
(1.61725e-07 6.41775e-08 0)
(1.93185e-07 9.14125e-08 0)
(2.2152e-07 1.19925e-07 0)
(2.46638e-07 1.49317e-07 0)
(2.68465e-07 1.79196e-07 0)
(2.86952e-07 2.09183e-07 0)
(3.02065e-07 2.38916e-07 0)
(3.13798e-07 2.68046e-07 0)
(3.22165e-07 2.96245e-07 0)
(3.27208e-07 3.23205e-07 0)
(3.2899e-07 3.4864e-07 0)
(3.276e-07 3.72293e-07 0)
(3.23163e-07 3.9393e-07 0)
(3.15815e-07 4.13353e-07 0)
(3.05728e-07 4.30385e-07 0)
(2.93092e-07 4.44895e-07 0)
(2.78125e-07 4.56772e-07 0)
(2.6107e-07 4.65945e-07 0)
(2.42187e-07 4.72388e-07 0)
(2.21763e-07 4.76097e-07 0)
(2.00095e-07 4.77117e-07 0)
(1.77503e-07 4.75522e-07 0)
(1.54323e-07 4.7143e-07 0)
(1.30908e-07 4.64982e-07 0)
(1.07612e-07 4.56398e-07 0)
(8.48125e-08 4.45887e-07 0)
(6.289e-08 4.33708e-07 0)
(4.2225e-08 4.2014e-07 0)
(2.32275e-08 4.05545e-07 0)
(6.25e-09 3.90277e-07 0)
(-8.275e-09 3.74755e-07 0)
(-1.9925e-08 3.5937e-07 0)
(-2.8355e-08 3.44583e-07 0)
(-3.31525e-08 3.30918e-07 0)
(-3.3925e-08 3.18842e-07 0)
(-3.0275e-08 3.08925e-07 0)
(-2.18175e-08 3.01718e-07 0)
(-8.17e-09 2.978e-07 0)
(-4.3445e-07 -9.13875e-09 0)
(-3.6895e-07 -2.1455e-08 0)
(-3.05585e-07 -2.82175e-08 0)
(-2.4442e-07 -2.9835e-08 0)
(-1.85548e-07 -2.672e-08 0)
(-1.29067e-07 -1.929e-08 0)
(-7.5105e-08 -7.9575e-09 0)
(-2.37925e-08 6.855e-09 0)
(2.4735e-08 2.4735e-08 0)
(7.03375e-08 4.52625e-08 0)
(1.1288e-07 6.8015e-08 0)
(1.5223e-07 9.25875e-08 0)
(1.8826e-07 1.1857e-07 0)
(2.20863e-07 1.45563e-07 0)
(2.49945e-07 1.73177e-07 0)
(2.75424e-07 2.01028e-07 0)
(2.97241e-07 2.28756e-07 0)
(3.15361e-07 2.56008e-07 0)
(3.29769e-07 2.82453e-07 0)
(3.40477e-07 3.07783e-07 0)
(3.47523e-07 3.31705e-07 0)
(3.50965e-07 3.53953e-07 0)
(3.509e-07 3.74293e-07 0)
(3.47445e-07 3.92507e-07 0)
(3.40748e-07 4.08425e-07 0)
(3.3098e-07 4.21883e-07 0)
(3.18345e-07 4.32772e-07 0)
(3.0307e-07 4.41e-07 0)
(2.854e-07 4.46523e-07 0)
(2.6562e-07 4.4932e-07 0)
(2.44025e-07 4.49413e-07 0)
(2.2093e-07 4.46852e-07 0)
(1.9668e-07 4.41723e-07 0)
(1.71628e-07 4.34177e-07 0)
(1.4613e-07 4.24345e-07 0)
(1.20608e-07 4.1243e-07 0)
(9.545e-08 3.98638e-07 0)
(7.1025e-08 3.83267e-07 0)
(4.775e-08 3.666e-07 0)
(2.6075e-08 3.48952e-07 0)
(6.425e-09 3.3065e-07 0)
(-1.0775e-08 3.121e-07 0)
(-2.5125e-08 2.93725e-07 0)
(-3.6225e-08 2.759e-07 0)
(-4.3575e-08 2.591e-07 0)
(-4.68e-08 2.4383e-07 0)
(-4.55e-08 2.30527e-07 0)
(-3.9225e-08 2.19755e-07 0)
(-2.76e-08 2.12003e-07 0)
(-1.02e-08 2.07847e-07 0)
(-4.45763e-07 -5.0545e-09 0)
(-3.74812e-07 -9.8375e-09 0)
(-3.06418e-07 -9.71e-09 0)
(-2.4064e-07 -5.1025e-09 0)
(-1.77573e-07 3.565e-09 0)
(-1.17325e-07 1.5865e-08 0)
(-6.00175e-08 3.1375e-08 0)
(-5.775e-09 4.96725e-08 0)
(4.52625e-08 7.03375e-08 0)
(9.29525e-08 9.29525e-08 0)
(1.37172e-07 1.1711e-07 0)
(1.77795e-07 1.424e-07 0)
(2.147e-07 1.6843e-07 0)
(2.47792e-07 1.9482e-07 0)
(2.76986e-07 2.21199e-07 0)
(3.02216e-07 2.4721e-07 0)
(3.23445e-07 2.72518e-07 0)
(3.40649e-07 2.96806e-07 0)
(3.5384e-07 3.19774e-07 0)
(3.6305e-07 3.41155e-07 0)
(3.68335e-07 3.60695e-07 0)
(3.69795e-07 3.78177e-07 0)
(3.67545e-07 3.9341e-07 0)
(3.61732e-07 4.06227e-07 0)
(3.52538e-07 4.16502e-07 0)
(3.40162e-07 4.24132e-07 0)
(3.24845e-07 4.29052e-07 0)
(3.06843e-07 4.31225e-07 0)
(2.86445e-07 4.30652e-07 0)
(2.6396e-07 4.27375e-07 0)
(2.3972e-07 4.21465e-07 0)
(2.14072e-07 4.12985e-07 0)
(1.8742e-07 4.02135e-07 0)
(1.60125e-07 3.8903e-07 0)
(1.32575e-07 3.73882e-07 0)
(1.052e-07 3.56975e-07 0)
(7.845e-08 3.38475e-07 0)
(5.2775e-08 3.187e-07 0)
(2.8575e-08 2.98e-07 0)
(6.275e-09 2.76725e-07 0)
(-1.3625e-08 2.552e-07 0)
(-3.0675e-08 2.338e-07 0)
(-4.4475e-08 2.12925e-07 0)
(-5.455e-08 1.9305e-07 0)
(-6.0425e-08 1.746e-07 0)
(-6.1725e-08 1.58e-07 0)
(-5.8e-08 1.43725e-07 0)
(-4.88e-08 1.32275e-07 0)
(-3.3725e-08 1.2415e-07 0)
(-1.2325e-08 1.19825e-07 0)
(-4.49342e-07 -1.0855e-09 0)
(-3.73605e-07 1.3925e-09 0)
(-3.0085e-07 8.09e-09 0)
(-2.31145e-07 1.85775e-08 0)
(-1.6458e-07 3.242e-08 0)
(-1.01257e-07 4.91975e-08 0)
(-4.12975e-08 6.848e-08 0)
(1.517e-08 8.98475e-08 0)
(6.8015e-08 1.1288e-07 0)
(1.1711e-07 1.37172e-07 0)
(1.62328e-07 1.62328e-07 0)
(2.0355e-07 1.87948e-07 0)
(2.4068e-07 2.1366e-07 0)
(2.73632e-07 2.39105e-07 0)
(3.02335e-07 2.63934e-07 0)
(3.26743e-07 2.87824e-07 0)
(3.46838e-07 3.10469e-07 0)
(3.62618e-07 3.31585e-07 0)
(3.74118e-07 3.50915e-07 0)
(3.81397e-07 3.68223e-07 0)
(3.84545e-07 3.8331e-07 0)
(3.8368e-07 3.96e-07 0)
(3.7895e-07 4.06143e-07 0)
(3.70537e-07 4.1363e-07 0)
(3.58653e-07 4.18375e-07 0)
(3.4353e-07 4.20333e-07 0)
(3.25438e-07 4.19485e-07 0)
(3.0467e-07 4.15848e-07 0)
(2.8155e-07 4.0947e-07 0)
(2.56433e-07 4.0044e-07 0)
(2.29635e-07 3.88848e-07 0)
(2.016e-07 3.74895e-07 0)
(1.72725e-07 3.587e-07 0)
(1.43375e-07 3.40475e-07 0)
(1.14075e-07 3.205e-07 0)
(8.52e-08 2.99e-07 0)
(5.7175e-08 2.76275e-07 0)
(3.055e-08 2.52625e-07 0)
(5.775e-09 2.284e-07 0)
(-1.6725e-08 2.039e-07 0)
(-3.65e-08 1.79575e-07 0)
(-5.305e-08 1.5575e-07 0)
(-6.5875e-08 1.3285e-07 0)
(-7.455e-08 1.113e-07 0)
(-7.8625e-08 9.15e-08 0)
(-7.7675e-08 7.385e-08 0)
(-7.1225e-08 5.8875e-08 0)
(-5.88e-08 4.6925e-08 0)
(-4.005e-08 3.855e-08 0)
(-1.4525e-08 3.41e-08 0)
(-4.45456e-07 2.74975e-09 0)
(-3.65637e-07 1.218e-08 0)
(-2.89233e-07 2.51075e-08 0)
(-2.1631e-07 4.11025e-08 0)
(-1.46953e-07 5.9735e-08 0)
(-8.1265e-08 8.05825e-08 0)
(-1.93675e-08 1.03223e-07 0)
(3.8625e-08 1.2724e-07 0)
(9.25875e-08 1.5223e-07 0)
(1.424e-07 1.77795e-07 0)
(1.87948e-07 2.0355e-07 0)
(2.29128e-07 2.29127e-07 0)
(2.65857e-07 2.54173e-07 0)
(2.98066e-07 2.78349e-07 0)
(3.25705e-07 3.01339e-07 0)
(3.48752e-07 3.2285e-07 0)
(3.67205e-07 3.4261e-07 0)
(3.81095e-07 3.60375e-07 0)
(3.90478e-07 3.7593e-07 0)
(3.95445e-07 3.8908e-07 0)
(3.96112e-07 3.99667e-07 0)
(3.92627e-07 4.07563e-07 0)
(3.85175e-07 4.1267e-07 0)
(3.73965e-07 4.1492e-07 0)
(3.5924e-07 4.1428e-07 0)
(3.41272e-07 4.1075e-07 0)
(3.2036e-07 4.04365e-07 0)
(2.96827e-07 3.95185e-07 0)
(2.71037e-07 3.83307e-07 0)
(2.43338e-07 3.6886e-07 0)
(2.14175e-07 3.52e-07 0)
(1.83925e-07 3.32925e-07 0)
(1.53e-07 3.11825e-07 0)
(1.21925e-07 2.88975e-07 0)
(9.11e-08 2.64625e-07 0)
(6.0975e-08 2.39e-07 0)
(3.2075e-08 2.12525e-07 0)
(4.9e-09 1.85475e-07 0)
(-2.015e-08 1.5815e-07 0)
(-4.255e-08 1.30975e-07 0)
(-6.1775e-08 1.04275e-07 0)
(-7.74e-08 7.845e-08 0)
(-8.8925e-08 5.3925e-08 0)
(-9.59e-08 3.1025e-08 0)
(-9.7875e-08 1.0225e-08 0)
(-9.435e-08 -8.15e-09 0)
(-8.4925e-08 -2.3625e-08 0)
(-6.9125e-08 -3.585e-08 0)
(-4.655e-08 -4.44e-08 0)
(-1.6775e-08 -4.885e-08 0)
(-4.34412e-07 6.4315e-09 0)
(-3.51247e-07 2.24725e-08 0)
(-2.71927e-07 4.12625e-08 0)
(-1.96517e-07 6.2375e-08 0)
(-1.251e-07 8.53925e-08 0)
(-5.777e-08 1.09892e-07 0)
(5.36e-09 1.35472e-07 0)
(6.41775e-08 1.61725e-07 0)
(1.1857e-07 1.8826e-07 0)
(1.6843e-07 2.147e-07 0)
(2.1366e-07 2.4068e-07 0)
(2.54173e-07 2.65857e-07 0)
(2.89902e-07 2.89902e-07 0)
(3.20798e-07 3.12507e-07 0)
(3.46836e-07 3.33389e-07 0)
(3.68014e-07 3.5229e-07 0)
(3.84362e-07 3.68975e-07 0)
(3.95938e-07 3.83242e-07 0)
(4.02823e-07 3.94912e-07 0)
(4.05135e-07 4.03845e-07 0)
(4.03027e-07 4.09915e-07 0)
(3.96683e-07 4.13052e-07 0)
(3.86307e-07 4.13198e-07 0)
(3.72147e-07 4.10335e-07 0)
(3.54483e-07 4.0448e-07 0)
(3.33615e-07 3.9568e-07 0)
(3.09873e-07 3.84015e-07 0)
(2.83612e-07 3.69588e-07 0)
(2.55225e-07 3.52537e-07 0)
(2.25125e-07 3.3305e-07 0)
(1.937e-07 3.11325e-07 0)
(1.61425e-07 2.87525e-07 0)
(1.28775e-07 2.62e-07 0)
(9.6175e-08 2.3495e-07 0)
(6.41e-08 2.0665e-07 0)
(3.31e-08 1.77475e-07 0)
(3.65e-09 1.477e-07 0)
(-2.3825e-08 1.177e-07 0)
(-4.8725e-08 8.7775e-08 0)
(-7.06e-08 5.8375e-08 0)
(-8.9025e-08 2.9775e-08 0)
(-1.034e-07 2.375e-09 0)
(-1.133e-07 -2.3425e-08 0)
(-1.1825e-07 -4.7275e-08 0)
(-1.178e-07 -6.8775e-08 0)
(-1.11525e-07 -8.7575e-08 0)
(-9.8925e-08 -1.0335e-07 0)
(-7.9575e-08 -1.1565e-07 0)
(-5.305e-08 -1.24225e-07 0)
(-1.8975e-08 -1.28625e-07 0)
(-4.16552e-07 9.94075e-09 0)
(-3.30806e-07 3.222e-08 0)
(-2.4933e-07 5.64775e-08 0)
(-1.7218e-07 8.23025e-08 0)
(-9.9435e-08 1.09283e-07 0)
(-3.1185e-08 1.3702e-07 0)
(3.2465e-08 1.65115e-07 0)
(9.14125e-08 1.93185e-07 0)
(1.45563e-07 2.20862e-07 0)
(1.9482e-07 2.47792e-07 0)
(2.39105e-07 2.73631e-07 0)
(2.78349e-07 2.98066e-07 0)
(3.12507e-07 3.20798e-07 0)
(3.41553e-07 3.41553e-07 0)
(3.65489e-07 3.60084e-07 0)
(3.84337e-07 3.76173e-07 0)
(3.98157e-07 3.89622e-07 0)
(4.07033e-07 4.0027e-07 0)
(4.1108e-07 4.07982e-07 0)
(4.10447e-07 4.12662e-07 0)
(4.0532e-07 4.1424e-07 0)
(3.9591e-07 4.1268e-07 0)
(3.82457e-07 4.07972e-07 0)
(3.65247e-07 4.00152e-07 0)
(3.44585e-07 3.89282e-07 0)
(3.20807e-07 3.75448e-07 0)
(2.94268e-07 3.58787e-07 0)
(2.6535e-07 3.39425e-07 0)
(2.345e-07 3.17575e-07 0)
(2.02125e-07 2.93425e-07 0)
(1.6865e-07 2.672e-07 0)
(1.346e-07 2.392e-07 0)
(1.00425e-07 2.09625e-07 0)
(6.6575e-08 1.7885e-07 0)
(3.3625e-08 1.47125e-07 0)
(2.025e-09 1.1485e-07 0)
(-2.77e-08 8.2275e-08 0)
(-5.5025e-08 4.98e-08 0)
(-7.9475e-08 1.78e-08 0)
(-1.0055e-07 -1.3425e-08 0)
(-1.17775e-07 -4.35e-08 0)
(-1.306e-07 -7.2025e-08 0)
(-1.38575e-07 -9.87e-08 0)
(-1.4125e-07 -1.23125e-07 0)
(-1.38175e-07 -1.4505e-07 0)
(-1.28925e-07 -1.64025e-07 0)
(-1.13e-07 -1.798e-07 0)
(-9e-08 -1.9205e-07 0)
(-5.9525e-08 -2.005e-07 0)
(-2.1175e-08 -2.04865e-07 0)
(-3.92252e-07 1.32595e-08 0)
(-3.04711e-07 4.13725e-08 0)
(-2.21845e-07 7.0685e-08 0)
(-1.43713e-07 1.00795e-07 0)
(-7.03825e-08 1.31313e-07 0)
(-1.9375e-09 1.61853e-07 0)
(6.1525e-08 1.9204e-07 0)
(1.19925e-07 2.2152e-07 0)
(1.73178e-07 2.49945e-07 0)
(2.21199e-07 2.76986e-07 0)
(2.63934e-07 3.02335e-07 0)
(3.01339e-07 3.25705e-07 0)
(3.33389e-07 3.46836e-07 0)
(3.60084e-07 3.65489e-07 0)
(3.81455e-07 3.81455e-07 0)
(3.97553e-07 3.94553e-07 0)
(4.0846e-07 4.04633e-07 0)
(4.14298e-07 4.11573e-07 0)
(4.15215e-07 4.15288e-07 0)
(4.11392e-07 4.1572e-07 0)
(4.03045e-07 4.12853e-07 0)
(3.90415e-07 4.06688e-07 0)
(3.7378e-07 3.97273e-07 0)
(3.53458e-07 3.84683e-07 0)
(3.29777e-07 3.69008e-07 0)
(3.0312e-07 3.50418e-07 0)
(2.7385e-07 3.2905e-07 0)
(2.424e-07 3.05125e-07 0)
(2.09225e-07 2.78825e-07 0)
(1.7475e-07 2.504e-07 0)
(1.39475e-07 2.2015e-07 0)
(1.0385e-07 1.88325e-07 0)
(6.8425e-08 1.55225e-07 0)
(3.3675e-08 1.212e-07 0)
(1e-10 8.6575e-08 0)
(-3.175e-08 5.1625e-08 0)
(-6.14e-08 1.6775e-08 0)
(-8.83e-08 -1.7675e-08 0)
(-1.1195e-07 -5.1325e-08 0)
(-1.319e-07 -8.39e-08 0)
(-1.47625e-07 -1.15e-07 0)
(-1.586e-07 -1.44275e-07 0)
(-1.644e-07 -1.71425e-07 0)
(-1.646e-07 -1.9615e-07 0)
(-1.587e-07 -2.18125e-07 0)
(-1.46275e-07 -2.3703e-07 0)
(-1.2695e-07 -2.52605e-07 0)
(-1.00275e-07 -2.64638e-07 0)
(-6.5865e-08 -2.72855e-07 0)
(-2.334e-08 -2.77083e-07 0)
(-3.6192e-07 1.637e-08 0)
(-2.7338e-07 4.9891e-08 0)
(-1.89907e-07 8.38175e-08 0)
(-1.11552e-07 1.17767e-07 0)
(-3.83775e-08 1.5138e-07 0)
(2.95425e-08 1.8429e-07 0)
(9.21325e-08 2.16153e-07 0)
(1.49317e-07 2.46638e-07 0)
(2.01028e-07 2.75424e-07 0)
(2.4721e-07 3.02216e-07 0)
(2.87824e-07 3.26743e-07 0)
(3.2285e-07 3.48752e-07 0)
(3.5229e-07 3.68014e-07 0)
(3.76172e-07 3.84337e-07 0)
(3.94553e-07 3.97553e-07 0)
(4.07515e-07 4.07515e-07 0)
(4.15178e-07 4.14123e-07 0)
(4.17688e-07 4.17303e-07 0)
(4.15227e-07 4.17008e-07 0)
(4.08012e-07 4.13233e-07 0)
(3.96287e-07 4.05995e-07 0)
(3.8033e-07 3.95355e-07 0)
(3.60452e-07 3.81403e-07 0)
(3.36982e-07 3.64253e-07 0)
(3.1032e-07 3.44045e-07 0)
(2.8085e-07 3.21e-07 0)
(2.48975e-07 2.9525e-07 0)
(2.15125e-07 2.671e-07 0)
(1.79775e-07 2.3675e-07 0)
(1.4345e-07 2.045e-07 0)
(1.06575e-07 1.70625e-07 0)
(6.9675e-08 1.3545e-07 0)
(3.33e-08 9.9325e-08 0)
(-2.075e-09 6.2525e-08 0)
(-3.595e-08 2.5425e-08 0)
(-6.7775e-08 -1.165e-08 0)
(-9.7e-08 -4.83e-08 0)
(-1.23125e-07 -8.425e-08 0)
(-1.457e-07 -1.191e-07 0)
(-1.64225e-07 -1.52575e-07 0)
(-1.7815e-07 -1.84275e-07 0)
(-1.87025e-07 -2.139e-07 0)
(-1.9045e-07 -2.412e-07 0)
(-1.8795e-07 -2.6585e-07 0)
(-1.79055e-07 -2.87565e-07 0)
(-1.63405e-07 -3.06158e-07 0)
(-1.40608e-07 -3.21367e-07 0)
(-1.1025e-07 -3.33002e-07 0)
(-7.197e-08 -3.40897e-07 0)
(-2.54025e-08 -3.44905e-07 0)
(-3.25991e-07 1.92553e-08 0)
(-2.37263e-07 5.77282e-08 0)
(-1.53969e-07 9.58075e-08 0)
(-7.615e-08 1.33148e-07 0)
(-3.86e-09 1.69407e-07 0)
(6.2835e-08 2.04255e-07 0)
(1.23872e-07 2.37375e-07 0)
(1.79196e-07 2.68465e-07 0)
(2.28756e-07 2.97241e-07 0)
(2.72518e-07 3.23445e-07 0)
(3.10469e-07 3.46838e-07 0)
(3.4261e-07 3.67205e-07 0)
(3.68975e-07 3.84362e-07 0)
(3.89622e-07 3.98157e-07 0)
(4.04633e-07 4.0846e-07 0)
(4.14122e-07 4.15177e-07 0)
(4.18247e-07 4.18247e-07 0)
(4.17183e-07 4.1764e-07 0)
(4.11145e-07 4.13357e-07 0)
(4.0038e-07 4.0544e-07 0)
(3.85168e-07 3.9395e-07 0)
(3.65823e-07 3.78995e-07 0)
(3.42677e-07 3.60707e-07 0)
(3.161e-07 3.39245e-07 0)
(2.86525e-07 3.148e-07 0)
(2.54325e-07 2.87575e-07 0)
(2.1995e-07 2.57825e-07 0)
(1.839e-07 2.258e-07 0)
(1.46625e-07 1.91825e-07 0)
(1.08625e-07 1.56175e-07 0)
(7.0425e-08 1.1915e-07 0)
(3.255e-08 8.1125e-08 0)
(-4.5e-09 4.24e-08 0)
(-4.0225e-08 3.3e-09 0)
(-7.4075e-08 -3.5775e-08 0)
(-1.05475e-07 -7.4475e-08 0)
(-1.34e-07 -1.12475e-07 0)
(-1.591e-07 -1.4945e-07 0)
(-1.80275e-07 -1.8505e-07 0)
(-1.97075e-07 -2.1895e-07 0)
(-2.0895e-07 -2.5085e-07 0)
(-2.15525e-07 -2.8045e-07 0)
(-2.1635e-07 -3.0753e-07 0)
(-2.10965e-07 -3.31777e-07 0)
(-1.99008e-07 -3.53005e-07 0)
(-1.80077e-07 -3.7103e-07 0)
(-1.53795e-07 -3.8566e-07 0)
(-1.19805e-07 -3.9676e-07 0)
(-7.77675e-08 -4.0423e-07 0)
(-2.73475e-08 -4.07985e-07 0)
(-2.84936e-07 2.18998e-08 0)
(-1.96828e-07 6.4842e-08 0)
(-1.14488e-07 1.06603e-07 0)
(-3.79525e-08 1.46868e-07 0)
(3.273e-08 1.85326e-07 0)
(9.75103e-08 2.21677e-07 0)
(1.56342e-07 2.55642e-07 0)
(2.09183e-07 2.86952e-07 0)
(2.56008e-07 3.15362e-07 0)
(2.96806e-07 3.40649e-07 0)
(3.31585e-07 3.62618e-07 0)
(3.60375e-07 3.81095e-07 0)
(3.83242e-07 3.95938e-07 0)
(4.0027e-07 4.07033e-07 0)
(4.11572e-07 4.14298e-07 0)
(4.17302e-07 4.17688e-07 0)
(4.1764e-07 4.17183e-07 0)
(4.12798e-07 4.12798e-07 0)
(4.03027e-07 4.04588e-07 0)
(3.88605e-07 3.92625e-07 0)
(3.69842e-07 3.77033e-07 0)
(3.47088e-07 3.57953e-07 0)
(3.20702e-07 3.3555e-07 0)
(2.91075e-07 3.10025e-07 0)
(2.5865e-07 2.8165e-07 0)
(2.23875e-07 2.506e-07 0)
(1.872e-07 2.172e-07 0)
(1.49125e-07 1.8175e-07 0)
(1.1015e-07 1.4455e-07 0)
(7.0775e-08 1.0595e-07 0)
(3.1525e-08 6.625e-08 0)
(-7.075e-09 2.58e-08 0)
(-4.4525e-08 -1.505e-08 0)
(-8.025e-08 -5.5925e-08 0)
(-1.13725e-07 -9.645e-08 0)
(-1.44475e-07 -1.36325e-07 0)
(-1.71975e-07 -1.75225e-07 0)
(-1.957e-07 -2.1275e-07 0)
(-2.152e-07 -2.4865e-07 0)
(-2.30025e-07 -2.82575e-07 0)
(-2.3965e-07 -3.14275e-07 0)
(-2.43705e-07 -3.43503e-07 0)
(-2.41777e-07 -3.6999e-07 0)
(-2.33425e-07 -3.93568e-07 0)
(-2.18307e-07 -4.14043e-07 0)
(-1.9606e-07 -4.31268e-07 0)
(-1.66338e-07 -4.45133e-07 0)
(-1.2882e-07 -4.55563e-07 0)
(-8.3195e-08 -4.6251e-07 0)
(-2.91575e-08 -4.65973e-07 0)
(-2.39249e-07 2.42903e-08 0)
(-1.5256e-07 7.12025e-08 0)
(-7.19425e-08 1.16157e-07 0)
(2.57275e-09 1.58873e-07 0)
(7.09495e-08 1.99074e-07 0)
(1.33151e-07 2.36501e-07 0)
(1.89147e-07 2.70906e-07 0)
(2.38916e-07 3.02065e-07 0)
(2.82453e-07 3.29769e-07 0)
(3.19775e-07 3.53839e-07 0)
(3.50915e-07 3.74117e-07 0)
(3.7593e-07 3.90477e-07 0)
(3.94912e-07 4.02822e-07 0)
(4.07983e-07 4.1108e-07 0)
(4.15288e-07 4.15215e-07 0)
(4.17007e-07 4.15227e-07 0)
(4.13358e-07 4.11145e-07 0)
(4.04588e-07 4.03028e-07 0)
(3.90972e-07 3.90972e-07 0)
(3.72825e-07 3.751e-07 0)
(3.50495e-07 3.55588e-07 0)
(3.2434e-07 3.32577e-07 0)
(2.9475e-07 3.06325e-07 0)
(2.622e-07 2.7705e-07 0)
(2.271e-07 2.45025e-07 0)
(1.89875e-07 2.1055e-07 0)
(1.511e-07 1.739e-07 0)
(1.1125e-07 1.35425e-07 0)
(7.0825e-08 9.545e-08 0)
(3.0325e-08 5.4325e-08 0)
(-9.725e-09 1.24e-08 0)
(-4.875e-08 -2.9975e-08 0)
(-8.6225e-08 -7.245e-08 0)
(-1.21625e-07 -1.146e-07 0)
(-1.54475e-07 -1.5615e-07 0)
(-1.8425e-07 -1.96725e-07 0)
(-2.10425e-07 -2.36e-07 0)
(-2.32525e-07 -2.73675e-07 0)
(-2.501e-07 -3.09425e-07 0)
(-2.627e-07 -3.43e-07 0)
(-2.69877e-07 -3.7412e-07 0)
(-2.7124e-07 -4.0261e-07 0)
(-2.66415e-07 -4.28222e-07 0)
(-2.55017e-07 -4.50827e-07 0)
(-2.36708e-07 -4.7029e-07 0)
(-2.11168e-07 -4.86517e-07 0)
(-1.7809e-07 -4.99455e-07 0)
(-1.37183e-07 -5.09085e-07 0)
(-8.81775e-08 -5.1543e-07 0)
(-3.081e-08 -5.1855e-07 0)
(-1.89443e-07 2.64145e-08 0)
(-1.04961e-07 7.67792e-08 0)
(-2.68175e-08 1.24429e-07 0)
(4.4964e-08 1.69119e-07 0)
(1.10358e-07 2.10613e-07 0)
(1.69343e-07 2.48691e-07 0)
(2.21906e-07 2.83148e-07 0)
(2.68046e-07 3.13798e-07 0)
(3.07783e-07 3.40477e-07 0)
(3.41155e-07 3.6305e-07 0)
(3.68223e-07 3.81397e-07 0)
(3.8908e-07 3.95445e-07 0)
(4.03845e-07 4.05135e-07 0)
(4.12662e-07 4.10448e-07 0)
(4.1572e-07 4.11392e-07 0)
(4.13232e-07 4.08012e-07 0)
(4.0544e-07 4.0038e-07 0)
(3.92625e-07 3.88605e-07 0)
(3.751e-07 3.72825e-07 0)
(3.5322e-07 3.5322e-07 0)
(3.2732e-07 3.29965e-07 0)
(2.97825e-07 3.03275e-07 0)
(2.65175e-07 2.7345e-07 0)
(2.29775e-07 2.40775e-07 0)
(1.9215e-07 2.0545e-07 0)
(1.5275e-07 1.679e-07 0)
(1.12075e-07 1.28425e-07 0)
(7.0675e-08 8.735e-08 0)
(2.905e-08 4.5025e-08 0)
(-1.2275e-08 1.825e-09 0)
(-5.2775e-08 -4.185e-08 0)
(-9.1925e-08 -8.5675e-08 0)
(-1.2915e-07 -1.2925e-07 0)
(-1.6395e-07 -1.72275e-07 0)
(-1.9585e-07 -2.14375e-07 0)
(-2.24325e-07 -2.55175e-07 0)
(-2.48925e-07 -2.944e-07 0)
(-2.69125e-07 -3.31775e-07 0)
(-2.84525e-07 -3.66975e-07 0)
(-2.9472e-07 -3.99785e-07 0)
(-2.9926e-07 -4.29977e-07 0)
(-2.97808e-07 -4.5738e-07 0)
(-2.89995e-07 -4.81825e-07 0)
(-2.75492e-07 -5.032e-07 0)
(-2.53998e-07 -5.21428e-07 0)
(-2.25225e-07 -5.3647e-07 0)
(-1.88905e-07 -5.48325e-07 0)
(-1.44795e-07 -5.5704e-07 0)
(-9.266e-08 -5.62708e-07 0)
(-3.22775e-08 -5.6545e-07 0)
(-1.36055e-07 2.8262e-08 0)
(-5.45458e-08 8.15485e-08 0)
(2.03968e-08 1.31387e-07 0)
(8.87574e-08 1.77573e-07 0)
(1.50523e-07 2.19915e-07 0)
(2.05686e-07 2.58232e-07 0)
(2.54253e-07 2.92363e-07 0)
(2.96245e-07 3.22165e-07 0)
(3.31705e-07 3.47522e-07 0)
(3.60695e-07 3.68335e-07 0)
(3.8331e-07 3.84545e-07 0)
(3.99667e-07 3.96112e-07 0)
(4.09915e-07 4.03028e-07 0)
(4.1424e-07 4.0532e-07 0)
(4.12853e-07 4.03045e-07 0)
(4.05995e-07 3.96287e-07 0)
(3.9395e-07 3.85168e-07 0)
(3.77033e-07 3.69842e-07 0)
(3.55588e-07 3.50495e-07 0)
(3.29965e-07 3.2732e-07 0)
(3.0055e-07 3.0055e-07 0)
(2.67825e-07 2.705e-07 0)
(2.3225e-07 2.374e-07 0)
(1.942e-07 2.016e-07 0)
(1.54225e-07 1.63425e-07 0)
(1.1285e-07 1.23175e-07 0)
(7.055e-08 8.125e-08 0)
(2.785e-08 3.8e-08 0)
(-1.47e-08 -6.2e-09 0)
(-5.655e-08 -5.0975e-08 0)
(-9.7225e-08 -9.5975e-08 0)
(-1.3615e-07 -1.40775e-07 0)
(-1.72825e-07 -1.85025e-07 0)
(-2.0675e-07 -2.284e-07 0)
(-2.37375e-07 -2.70575e-07 0)
(-2.64275e-07 -3.11175e-07 0)
(-2.87025e-07 -3.49925e-07 0)
(-3.051e-07 -3.8656e-07 0)
(-3.1811e-07 -4.2085e-07 0)
(-3.25703e-07 -4.52535e-07 0)
(-3.27472e-07 -4.81463e-07 0)
(-3.23088e-07 -5.0748e-07 0)
(-3.12235e-07 -5.30473e-07 0)
(-2.9462e-07 -5.50375e-07 0)
(-2.69978e-07 -5.67162e-07 0)
(-2.38065e-07 -5.80843e-07 0)
(-1.9866e-07 -5.91483e-07 0)
(-1.51565e-07 -5.99185e-07 0)
(-9.65875e-08 -6.04103e-07 0)
(-3.35525e-08 -6.0644e-07 0)
(-7.9633e-08 2.98251e-08 0)
(-1.83625e-09 8.54929e-08 0)
(6.92074e-08 1.37011e-07 0)
(1.33492e-07 1.8422e-07 0)
(1.91017e-07 2.2697e-07 0)
(2.41791e-07 2.65126e-07 0)
(2.85839e-07 2.9857e-07 0)
(3.23205e-07 3.27208e-07 0)
(3.53953e-07 3.50965e-07 0)
(3.78177e-07 3.69795e-07 0)
(3.96e-07 3.8368e-07 0)
(4.07562e-07 3.92628e-07 0)
(4.13052e-07 3.96683e-07 0)
(4.1268e-07 3.9591e-07 0)
(4.06688e-07 3.90415e-07 0)
(3.95355e-07 3.8033e-07 0)
(3.78995e-07 3.65823e-07 0)
(3.57953e-07 3.47087e-07 0)
(3.32577e-07 3.2434e-07 0)
(3.03275e-07 2.97825e-07 0)
(2.705e-07 2.67825e-07 0)
(2.34675e-07 2.34675e-07 0)
(1.96275e-07 1.9865e-07 0)
(1.558e-07 1.601e-07 0)
(1.13725e-07 1.194e-07 0)
(7.0575e-08 7.6875e-08 0)
(2.69e-08 3.2925e-08 0)
(-1.6775e-08 -1.2075e-08 0)
(-5.9925e-08 -5.77e-08 0)
(-1.0205e-07 -1.036e-07 0)
(-1.42575e-07 -1.494e-07 0)
(-1.80975e-07 -1.94725e-07 0)
(-2.16775e-07 -2.392e-07 0)
(-2.495e-07 -2.825e-07 0)
(-2.78625e-07 -3.24275e-07 0)
(-3.03675e-07 -3.6425e-07 0)
(-3.2431e-07 -4.02133e-07 0)
(-3.4005e-07 -4.3765e-07 0)
(-3.505e-07 -4.70635e-07 0)
(-3.55333e-07 -5.0087e-07 0)
(-3.54205e-07 -5.28217e-07 0)
(-3.46818e-07 -5.52573e-07 0)
(-3.3289e-07 -5.73868e-07 0)
(-3.12182e-07 -5.9208e-07 0)
(-2.84465e-07 -6.07238e-07 0)
(-2.49545e-07 -6.19408e-07 0)
(-2.07248e-07 -6.2871e-07 0)
(-1.57415e-07 -6.35313e-07 0)
(-9.9915e-08 -6.3943e-07 0)
(-3.4615e-08 -6.4133e-07 0)
(-2.07372e-08 3.10976e-08 0)
(5.26404e-08 8.8601e-08 0)
(1.19124e-07 1.41291e-07 0)
(1.78716e-07 1.89054e-07 0)
(2.31429e-07 2.31784e-07 0)
(2.77286e-07 2.69394e-07 0)
(3.16335e-07 3.01812e-07 0)
(3.4864e-07 3.2899e-07 0)
(3.74293e-07 3.509e-07 0)
(3.9341e-07 3.67545e-07 0)
(4.06143e-07 3.7895e-07 0)
(4.1267e-07 3.85175e-07 0)
(4.13198e-07 3.86308e-07 0)
(4.07972e-07 3.82458e-07 0)
(3.97273e-07 3.7378e-07 0)
(3.81403e-07 3.60452e-07 0)
(3.60707e-07 3.42677e-07 0)
(3.3555e-07 3.20702e-07 0)
(3.06325e-07 2.9475e-07 0)
(2.7345e-07 2.65175e-07 0)
(2.374e-07 2.3225e-07 0)
(1.9865e-07 1.96275e-07 0)
(1.57675e-07 1.57675e-07 0)
(1.1495e-07 1.1675e-07 0)
(7.1e-08 7.3875e-08 0)
(2.6375e-08 2.95e-08 0)
(-1.84e-08 -1.6e-08 0)
(-6.2775e-08 -6.2275e-08 0)
(-1.06225e-07 -1.089e-07 0)
(-1.4825e-07 -1.555e-07 0)
(-1.8835e-07 -2.0165e-07 0)
(-2.2595e-07 -2.4705e-07 0)
(-2.606e-07 -2.913e-07 0)
(-2.91825e-07 -3.34075e-07 0)
(-3.19125e-07 -3.75045e-07 0)
(-3.42133e-07 -4.13982e-07 0)
(-3.60425e-07 -4.50603e-07 0)
(-3.73602e-07 -4.84658e-07 0)
(-3.8133e-07 -5.16e-07 0)
(-3.83285e-07 -5.44462e-07 0)
(-3.79175e-07 -5.69945e-07 0)
(-3.68737e-07 -5.9238e-07 0)
(-3.51742e-07 -6.1175e-07 0)
(-3.2799e-07 -6.28083e-07 0)
(-2.97305e-07 -6.41447e-07 0)
(-2.59537e-07 -6.51978e-07 0)
(-2.14565e-07 -6.5984e-07 0)
(-1.62285e-07 -6.65269e-07 0)
(-1.02605e-07 -6.68538e-07 0)
(-3.54525e-08 -6.69981e-07 0)
(4.00656e-08 3.20758e-08 0)
(1.08358e-07 9.08691e-08 0)
(1.6966e-07 1.44228e-07 0)
(2.23985e-07 1.92086e-07 0)
(2.71357e-07 2.34384e-07 0)
(3.1182e-07 2.7108e-07 0)
(3.45435e-07 3.02155e-07 0)
(3.72293e-07 3.276e-07 0)
(3.92507e-07 3.47445e-07 0)
(4.06228e-07 3.61733e-07 0)
(4.1363e-07 3.70538e-07 0)
(4.1492e-07 3.73965e-07 0)
(4.10335e-07 3.72147e-07 0)
(4.00152e-07 3.65247e-07 0)
(3.84683e-07 3.53458e-07 0)
(3.64253e-07 3.36982e-07 0)
(3.39245e-07 3.161e-07 0)
(3.10025e-07 2.91075e-07 0)
(2.7705e-07 2.622e-07 0)
(2.40775e-07 2.29775e-07 0)
(2.016e-07 1.942e-07 0)
(1.601e-07 1.558e-07 0)
(1.1675e-07 1.1495e-07 0)
(7.2e-08 7.2e-08 0)
(2.6475e-08 2.745e-08 0)
(-1.93e-08 -1.8375e-08 0)
(-6.4875e-08 -6.505e-08 0)
(-1.09675e-07 -1.1215e-07 0)
(-1.5315e-07 -1.59325e-07 0)
(-1.948e-07 -2.0615e-07 0)
(-2.34125e-07 -2.5225e-07 0)
(-2.70625e-07 -2.9725e-07 0)
(-3.038e-07 -3.40825e-07 0)
(-3.33245e-07 -3.82657e-07 0)
(-3.58532e-07 -4.22458e-07 0)
(-3.79233e-07 -4.5997e-07 0)
(-3.94985e-07 -4.94947e-07 0)
(-4.05447e-07 -5.2721e-07 0)
(-4.10305e-07 -5.56603e-07 0)
(-4.09278e-07 -5.83012e-07 0)
(-4.02122e-07 -6.06375e-07 0)
(-3.88623e-07 -6.26665e-07 0)
(-3.68593e-07 -6.43912e-07 0)
(-3.4188e-07 -6.58193e-07 0)
(-3.0836e-07 -6.69632e-07 0)
(-2.67938e-07 -6.78406e-07 0)
(-2.20539e-07 -6.84751e-07 0)
(-1.66114e-07 -6.88946e-07 0)
(-1.04627e-07 -6.91333e-07 0)
(-3.60575e-08 -6.92303e-07 0)
(1.02208e-07 3.27592e-08 0)
(1.64793e-07 9.22993e-08 0)
(2.20341e-07 1.45835e-07 0)
(2.68871e-07 1.9334e-07 0)
(3.10422e-07 2.34812e-07 0)
(3.45057e-07 2.70252e-07 0)
(3.72855e-07 2.99688e-07 0)
(3.9393e-07 3.23163e-07 0)
(4.08425e-07 3.40747e-07 0)
(4.16502e-07 3.52538e-07 0)
(4.18375e-07 3.58653e-07 0)
(4.1428e-07 3.5924e-07 0)
(4.0448e-07 3.54483e-07 0)
(3.89282e-07 3.44585e-07 0)
(3.69008e-07 3.29777e-07 0)
(3.44045e-07 3.1032e-07 0)
(3.148e-07 2.86525e-07 0)
(2.8165e-07 2.5865e-07 0)
(2.45025e-07 2.271e-07 0)
(2.0545e-07 1.9215e-07 0)
(1.63425e-07 1.54225e-07 0)
(1.194e-07 1.13725e-07 0)
(7.3875e-08 7.1e-08 0)
(2.745e-08 2.6475e-08 0)
(-1.9375e-08 -1.9375e-08 0)
(-6.6125e-08 -6.6225e-08 0)
(-1.12175e-07 -1.1365e-07 0)
(-1.5705e-07 -1.61175e-07 0)
(-2.00225e-07 -2.08425e-07 0)
(-2.41175e-07 -2.5505e-07 0)
(-2.7945e-07 -3.00625e-07 0)
(-3.14525e-07 -3.44825e-07 0)
(-3.46008e-07 -3.87343e-07 0)
(-3.73457e-07 -4.27863e-07 0)
(-3.96438e-07 -4.661e-07 0)
(-4.14623e-07 -5.01827e-07 0)
(-4.27665e-07 -5.34847e-07 0)
(-4.35257e-07 -5.64998e-07 0)
(-4.37132e-07 -5.9216e-07 0)
(-4.33058e-07 -6.16262e-07 0)
(-4.22828e-07 -6.37283e-07 0)
(-4.06275e-07 -6.55232e-07 0)
(-3.8327e-07 -6.70192e-07 0)
(-3.53709e-07 -6.82282e-07 0)
(-3.17519e-07 -6.91679e-07 0)
(-2.74656e-07 -6.98615e-07 0)
(-2.25105e-07 -7.03372e-07 0)
(-1.68867e-07 -7.06294e-07 0)
(-1.05961e-07 -7.07769e-07 0)
(-3.64225e-08 -7.08256e-07 0)
(1.65124e-07 3.31485e-08 0)
(2.21433e-07 9.2901e-08 0)
(2.70701e-07 1.46129e-07 0)
(3.12962e-07 1.92858e-07 0)
(3.4827e-07 2.3313e-07 0)
(3.76695e-07 2.66995e-07 0)
(3.98345e-07 2.94525e-07 0)
(4.13353e-07 3.15815e-07 0)
(4.21883e-07 3.3098e-07 0)
(4.24132e-07 3.40162e-07 0)
(4.20333e-07 3.4353e-07 0)
(4.1075e-07 3.41272e-07 0)
(3.9568e-07 3.33615e-07 0)
(3.75448e-07 3.20807e-07 0)
(3.50418e-07 3.0312e-07 0)
(3.21e-07 2.8085e-07 0)
(2.87575e-07 2.54325e-07 0)
(2.506e-07 2.23875e-07 0)
(2.1055e-07 1.89875e-07 0)
(1.679e-07 1.5275e-07 0)
(1.23175e-07 1.1285e-07 0)
(7.6875e-08 7.0575e-08 0)
(2.95e-08 2.6375e-08 0)
(-1.8375e-08 -1.93e-08 0)
(-6.6225e-08 -6.6125e-08 0)
(-1.13575e-07 -1.13575e-07 0)
(-1.59825e-07 -1.6125e-07 0)
(-2.0445e-07 -2.08775e-07 0)
(-2.47025e-07 -2.557e-07 0)
(-2.87e-07 -3.017e-07 0)
(-3.239e-07 -3.46375e-07 0)
(-3.57343e-07 -3.89385e-07 0)
(-3.86837e-07 -4.3046e-07 0)
(-4.12003e-07 -4.69265e-07 0)
(-4.32498e-07 -5.05592e-07 0)
(-4.4798e-07 -5.3922e-07 0)
(-4.58155e-07 -5.6998e-07 0)
(-4.6276e-07 -5.97742e-07 0)
(-4.6157e-07 -6.22433e-07 0)
(-4.544e-07 -6.44012e-07 0)
(-4.41092e-07 -6.62493e-07 0)
(-4.21533e-07 -6.77941e-07 0)
(-3.95642e-07 -6.90475e-07 0)
(-3.63366e-07 -7.00265e-07 0)
(-3.24693e-07 -7.07533e-07 0)
(-2.79631e-07 -7.12566e-07 0)
(-2.28218e-07 -7.15694e-07 0)
(-1.7051e-07 -7.17311e-07 0)
(-1.0659e-07 -7.17862e-07 0)
(-3.6545e-08 -7.1786e-07 0)
(2.28257e-07 3.32482e-08 0)
(2.77773e-07 9.26922e-08 0)
(3.20297e-07 1.4515e-07 0)
(3.55872e-07 1.90697e-07 0)
(3.8456e-07 2.29418e-07 0)
(4.06452e-07 2.61415e-07 0)
(4.21675e-07 2.86802e-07 0)
(4.30385e-07 3.05728e-07 0)
(4.32772e-07 3.18345e-07 0)
(4.29053e-07 3.24845e-07 0)
(4.19485e-07 3.25438e-07 0)
(4.04365e-07 3.2036e-07 0)
(3.84015e-07 3.09873e-07 0)
(3.58788e-07 2.94268e-07 0)
(3.2905e-07 2.7385e-07 0)
(2.9525e-07 2.48975e-07 0)
(2.57825e-07 2.1995e-07 0)
(2.172e-07 1.872e-07 0)
(1.739e-07 1.511e-07 0)
(1.28425e-07 1.12075e-07 0)
(8.125e-08 7.055e-08 0)
(3.2925e-08 2.69e-08 0)
(-1.6e-08 -1.84e-08 0)
(-6.505e-08 -6.4875e-08 0)
(-1.1365e-07 -1.12175e-07 0)
(-1.6125e-07 -1.59825e-07 0)
(-2.07375e-07 -2.07375e-07 0)
(-2.515e-07 -2.5445e-07 0)
(-2.9315e-07 -3.00675e-07 0)
(-3.3185e-07 -3.45625e-07 0)
(-3.67135e-07 -3.89015e-07 0)
(-3.9861e-07 -4.30475e-07 0)
(-4.25887e-07 -4.69715e-07 0)
(-4.4859e-07 -5.06502e-07 0)
(-4.66393e-07 -5.40605e-07 0)
(-4.7901e-07 -5.71845e-07 0)
(-4.86187e-07 -6.0008e-07 0)
(-4.8771e-07 -6.25225e-07 0)
(-4.83402e-07 -6.47228e-07 0)
(-4.73118e-07 -6.66096e-07 0)
(-4.56756e-07 -6.81882e-07 0)
(-4.34258e-07 -6.947e-07 0)
(-4.05594e-07 -7.04703e-07 0)
(-3.70767e-07 -7.12108e-07 0)
(-3.2982e-07 -7.17193e-07 0)
(-2.82817e-07 -7.20278e-07 0)
(-2.2985e-07 -7.21752e-07 0)
(-1.71035e-07 -7.22055e-07 0)
(-1.0651e-07 -7.21683e-07 0)
(-3.642e-08 -7.2119e-07 0)
(2.91065e-07 3.3065e-08 0)
(3.33335e-07 9.16973e-08 0)
(3.68706e-07 1.42943e-07 0)
(3.9723e-07 1.86927e-07 0)
(4.18988e-07 2.23775e-07 0)
(4.3408e-07 2.5364e-07 0)
(4.42658e-07 2.76683e-07 0)
(4.44895e-07 2.93092e-07 0)
(4.41e-07 3.0307e-07 0)
(4.31225e-07 3.06843e-07 0)
(4.15848e-07 3.0467e-07 0)
(3.95185e-07 2.96827e-07 0)
(3.69588e-07 2.83612e-07 0)
(3.39425e-07 2.6535e-07 0)
(3.05125e-07 2.424e-07 0)
(2.671e-07 2.15125e-07 0)
(2.258e-07 1.839e-07 0)
(1.8175e-07 1.49125e-07 0)
(1.35425e-07 1.1125e-07 0)
(8.735e-08 7.0675e-08 0)
(3.8e-08 2.785e-08 0)
(-1.2075e-08 -1.6775e-08 0)
(-6.2275e-08 -6.2775e-08 0)
(-1.1215e-07 -1.09675e-07 0)
(-1.61175e-07 -1.5705e-07 0)
(-2.08775e-07 -2.0445e-07 0)
(-2.5445e-07 -2.515e-07 0)
(-2.9775e-07 -2.9775e-07 0)
(-3.382e-07 -3.4285e-07 0)
(-3.7534e-07 -3.86412e-07 0)
(-4.0875e-07 -4.2812e-07 0)
(-4.38042e-07 -4.67675e-07 0)
(-4.62865e-07 -5.04795e-07 0)
(-4.82893e-07 -5.39247e-07 0)
(-4.9784e-07 -5.70847e-07 0)
(-5.07455e-07 -5.99445e-07 0)
(-5.11535e-07 -6.2493e-07 0)
(-5.09908e-07 -6.47253e-07 0)
(-5.02441e-07 -6.66397e-07 0)
(-4.89055e-07 -6.82407e-07 0)
(-4.69696e-07 -6.95382e-07 0)
(-4.44353e-07 -7.05467e-07 0)
(-4.1305e-07 -7.12869e-07 0)
(-3.75858e-07 -7.17842e-07 0)
(-3.32863e-07 -7.20707e-07 0)
(-2.8419e-07 -7.21833e-07 0)
(-2.29995e-07 -7.21648e-07 0)
(-1.7044e-07 -7.20638e-07 0)
(-1.05725e-07 -7.1935e-07 0)
(-3.60525e-08 -7.18375e-07 0)
(3.5302e-07 3.2608e-08 0)
(3.87651e-07 8.99457e-08 0)
(4.15528e-07 1.39565e-07 0)
(4.36705e-07 1.8163e-07 0)
(4.51273e-07 2.1632e-07 0)
(4.5936e-07 2.43822e-07 0)
(4.61127e-07 2.6435e-07 0)
(4.56772e-07 2.78125e-07 0)
(4.46523e-07 2.854e-07 0)
(4.30652e-07 2.86445e-07 0)
(4.0947e-07 2.8155e-07 0)
(3.83308e-07 2.71037e-07 0)
(3.52537e-07 2.55225e-07 0)
(3.17575e-07 2.345e-07 0)
(2.78825e-07 2.09225e-07 0)
(2.3675e-07 1.79775e-07 0)
(1.91825e-07 1.46625e-07 0)
(1.4455e-07 1.1015e-07 0)
(9.545e-08 7.0825e-08 0)
(4.5025e-08 2.905e-08 0)
(-6.2e-09 -1.47e-08 0)
(-5.77e-08 -5.9925e-08 0)
(-1.089e-07 -1.06225e-07 0)
(-1.59325e-07 -1.5315e-07 0)
(-2.08425e-07 -2.00225e-07 0)
(-2.557e-07 -2.47025e-07 0)
(-3.00675e-07 -2.9315e-07 0)
(-3.4285e-07 -3.382e-07 0)
(-3.81812e-07 -3.81813e-07 0)
(-4.1712e-07 -4.2363e-07 0)
(-4.48397e-07 -4.63338e-07 0)
(-4.75285e-07 -5.00665e-07 0)
(-4.9746e-07 -5.35358e-07 0)
(-5.14642e-07 -5.67215e-07 0)
(-5.2659e-07 -5.96073e-07 0)
(-5.33093e-07 -6.2181e-07 0)
(-5.33995e-07 -6.4436e-07 0)
(-5.29177e-07 -6.63693e-07 0)
(-5.18557e-07 -6.79845e-07 0)
(-5.02103e-07 -6.92894e-07 0)
(-4.79816e-07 -7.0297e-07 0)
(-4.51745e-07 -7.10265e-07 0)
(-4.1797e-07 -7.15025e-07 0)
(-3.78605e-07 -7.17548e-07 0)
(-3.3381e-07 -7.18188e-07 0)
(-2.83758e-07 -7.1736e-07 0)
(-2.28655e-07 -7.15533e-07 0)
(-1.68737e-07 -7.13233e-07 0)
(-1.04247e-07 -7.11045e-07 0)
(-3.5445e-08 -7.096e-07 0)
(4.13618e-07 3.18893e-08 0)
(4.40292e-07 8.748e-08 0)
(4.6039e-07 1.35085e-07 0)
(4.73985e-07 1.7491e-07 0)
(4.8118e-07 2.07183e-07 0)
(4.8211e-07 2.3213e-07 0)
(4.7696e-07 2.50005e-07 0)
(4.65945e-07 2.6107e-07 0)
(4.4932e-07 2.6562e-07 0)
(4.27375e-07 2.6396e-07 0)
(4.0044e-07 2.56433e-07 0)
(3.6886e-07 2.43338e-07 0)
(3.3305e-07 2.25125e-07 0)
(2.93425e-07 2.02125e-07 0)
(2.504e-07 1.7475e-07 0)
(2.045e-07 1.4345e-07 0)
(1.56175e-07 1.08625e-07 0)
(1.0595e-07 7.0775e-08 0)
(5.4325e-08 3.0325e-08 0)
(1.825e-09 -1.2275e-08 0)
(-5.0975e-08 -5.655e-08 0)
(-1.036e-07 -1.0205e-07 0)
(-1.555e-07 -1.4825e-07 0)
(-2.0615e-07 -1.948e-07 0)
(-2.5505e-07 -2.41175e-07 0)
(-3.017e-07 -2.87e-07 0)
(-3.45625e-07 -3.3185e-07 0)
(-3.86412e-07 -3.7534e-07 0)
(-4.2363e-07 -4.1712e-07 0)
(-4.56865e-07 -4.56865e-07 0)
(-4.85785e-07 -4.9428e-07 0)
(-5.10063e-07 -5.29105e-07 0)
(-5.29415e-07 -5.61122e-07 0)
(-5.43607e-07 -5.90155e-07 0)
(-5.52435e-07 -6.16067e-07 0)
(-5.55743e-07 -6.38772e-07 0)
(-5.53418e-07 -6.58238e-07 0)
(-5.45393e-07 -6.7447e-07 0)
(-5.31642e-07 -6.87533e-07 0)
(-5.1218e-07 -6.97548e-07 0)
(-4.87068e-07 -7.04682e-07 0)
(-4.56408e-07 -7.0917e-07 0)
(-4.20332e-07 -7.1128e-07 0)
(-3.7902e-07 -7.1136e-07 0)
(-3.32675e-07 -7.09802e-07 0)
(-2.81535e-07 -7.07053e-07 0)
(-2.25868e-07 -7.0362e-07 0)
(-1.65952e-07 -7.00067e-07 0)
(-1.02092e-07 -6.97005e-07 0)
(-3.46075e-08 -6.95112e-07 0)
(4.72389e-07 3.09227e-08 0)
(4.90846e-07 8.43425e-08 0)
(5.02958e-07 1.2958e-07 0)
(5.08802e-07 1.66888e-07 0)
(5.08492e-07 1.96518e-07 0)
(5.02182e-07 2.1875e-07 0)
(4.90067e-07 2.33872e-07 0)
(4.72388e-07 2.42187e-07 0)
(4.49413e-07 2.44025e-07 0)
(4.21465e-07 2.3972e-07 0)
(3.88848e-07 2.29635e-07 0)
(3.52e-07 2.14175e-07 0)
(3.11325e-07 1.937e-07 0)
(2.672e-07 1.6865e-07 0)
(2.2015e-07 1.39475e-07 0)
(1.70625e-07 1.06575e-07 0)
(1.1915e-07 7.0425e-08 0)
(6.625e-08 3.1525e-08 0)
(1.24e-08 -9.725e-09 0)
(-4.185e-08 -5.2775e-08 0)
(-9.5975e-08 -9.7225e-08 0)
(-1.494e-07 -1.42575e-07 0)
(-2.0165e-07 -1.8835e-07 0)
(-2.5225e-07 -2.34125e-07 0)
(-3.00625e-07 -2.7945e-07 0)
(-3.46375e-07 -3.239e-07 0)
(-3.89015e-07 -3.67135e-07 0)
(-4.2812e-07 -4.0875e-07 0)
(-4.63338e-07 -4.48397e-07 0)
(-4.9428e-07 -4.85785e-07 0)
(-5.20638e-07 -5.20638e-07 0)
(-5.42128e-07 -5.52723e-07 0)
(-5.5851e-07 -5.8185e-07 0)
(-5.69587e-07 -6.07868e-07 0)
(-5.75208e-07 -6.30676e-07 0)
(-5.75263e-07 -6.5022e-07 0)
(-5.69692e-07 -6.66495e-07 0)
(-5.58472e-07 -6.79547e-07 0)
(-5.41635e-07 -6.89472e-07 0)
(-5.19253e-07 -6.96427e-07 0)
(-4.91438e-07 -7.00615e-07 0)
(-4.58343e-07 -7.023e-07 0)
(-4.2016e-07 -7.01795e-07 0)
(-3.77127e-07 -6.99478e-07 0)
(-3.29503e-07 -6.9577e-07 0)
(-2.77575e-07 -6.91157e-07 0)
(-2.2167e-07 -6.86175e-07 0)
(-1.62122e-07 -6.81407e-07 0)
(-9.92925e-08 -6.77522e-07 0)
(-3.35525e-08 -6.75215e-07 0)
(5.28883e-07 2.97255e-08 0)
(5.38949e-07 8.05875e-08 0)
(5.42935e-07 1.23145e-07 0)
(5.40922e-07 1.5768e-07 0)
(5.33042e-07 1.84492e-07 0)
(5.19465e-07 2.03893e-07 0)
(5.00398e-07 2.162e-07 0)
(4.76097e-07 2.21763e-07 0)
(4.46852e-07 2.2093e-07 0)
(4.12985e-07 2.14072e-07 0)
(3.74895e-07 2.016e-07 0)
(3.32925e-07 1.83925e-07 0)
(2.87525e-07 1.61425e-07 0)
(2.392e-07 1.346e-07 0)
(1.88325e-07 1.0385e-07 0)
(1.3545e-07 6.9675e-08 0)
(8.1125e-08 3.255e-08 0)
(2.58e-08 -7.075e-09 0)
(-2.9975e-08 -4.875e-08 0)
(-8.5675e-08 -9.1925e-08 0)
(-1.40775e-07 -1.3615e-07 0)
(-1.94725e-07 -1.80975e-07 0)
(-2.4705e-07 -2.2595e-07 0)
(-2.9725e-07 -2.70625e-07 0)
(-3.44825e-07 -3.14525e-07 0)
(-3.89385e-07 -3.57342e-07 0)
(-4.30475e-07 -3.9861e-07 0)
(-4.67675e-07 -4.38042e-07 0)
(-5.00665e-07 -4.75285e-07 0)
(-5.29105e-07 -5.10063e-07 0)
(-5.52723e-07 -5.42128e-07 0)
(-5.71275e-07 -5.71275e-07 0)
(-5.8456e-07 -5.97338e-07 0)
(-5.92433e-07 -6.20201e-07 0)
(-5.94787e-07 -6.3979e-07 0)
(-5.91562e-07 -6.56085e-07 0)
(-5.82745e-07 -6.69112e-07 0)
(-5.6837e-07 -6.78948e-07 0)
(-5.48522e-07 -6.8573e-07 0)
(-5.23323e-07 -6.89635e-07 0)
(-4.9294e-07 -6.90912e-07 0)
(-4.57588e-07 -6.89845e-07 0)
(-4.1751e-07 -6.8679e-07 0)
(-3.72995e-07 -6.8215e-07 0)
(-3.24355e-07 -6.76378e-07 0)
(-2.7194e-07 -6.69965e-07 0)
(-2.16118e-07 -6.63527e-07 0)
(-1.573e-07 -6.5762e-07 0)
(-9.59e-08 -6.52955e-07 0)
(-3.23e-08 -6.50252e-07 0)
(5.82702e-07 2.83175e-08 0)
(5.84266e-07 7.62775e-08 0)
(5.8005e-07 1.15875e-07 0)
(5.7015e-07 1.47435e-07 0)
(5.54705e-07 1.7129e-07 0)
(5.3389e-07 1.87777e-07 0)
(5.07937e-07 1.97255e-07 0)
(4.77117e-07 2.00095e-07 0)
(4.41722e-07 1.9668e-07 0)
(4.02135e-07 1.8742e-07 0)
(3.587e-07 1.72725e-07 0)
(3.11825e-07 1.53e-07 0)
(2.62e-07 1.28775e-07 0)
(2.09625e-07 1.00425e-07 0)
(1.55225e-07 6.8425e-08 0)
(9.9325e-08 3.33e-08 0)
(4.24e-08 -4.5e-09 0)
(-1.505e-08 -4.4525e-08 0)
(-7.245e-08 -8.6225e-08 0)
(-1.2925e-07 -1.2915e-07 0)
(-1.85025e-07 -1.72825e-07 0)
(-2.392e-07 -2.16775e-07 0)
(-2.913e-07 -2.606e-07 0)
(-3.40825e-07 -3.038e-07 0)
(-3.87343e-07 -3.46007e-07 0)
(-4.3046e-07 -3.86838e-07 0)
(-4.69715e-07 -4.25887e-07 0)
(-5.04795e-07 -4.62865e-07 0)
(-5.35358e-07 -4.9746e-07 0)
(-5.61123e-07 -5.29415e-07 0)
(-5.8185e-07 -5.5851e-07 0)
(-5.97337e-07 -5.8456e-07 0)
(-6.07436e-07 -6.07436e-07 0)
(-6.1204e-07 -6.27047e-07 0)
(-6.11092e-07 -6.43349e-07 0)
(-6.04585e-07 -6.56355e-07 0)
(-5.92555e-07 -6.66117e-07 0)
(-5.7509e-07 -6.72752e-07 0)
(-5.52322e-07 -6.7642e-07 0)
(-5.24435e-07 -6.77335e-07 0)
(-4.91648e-07 -6.75772e-07 0)
(-4.5422e-07 -6.72048e-07 0)
(-4.12465e-07 -6.66535e-07 0)
(-3.66715e-07 -6.59672e-07 0)
(-3.17317e-07 -6.5194e-07 0)
(-2.64725e-07 -6.43868e-07 0)
(-2.09325e-07 -6.3605e-07 0)
(-1.5155e-07 -6.291e-07 0)
(-9.1925e-08 -6.237e-07 0)
(-3.085e-08 -6.206e-07 0)
(6.33479e-07 2.672e-08 0)
(6.26506e-07 7.14725e-08 0)
(6.14092e-07 1.07885e-07 0)
(5.96337e-07 1.3631e-07 0)
(5.73385e-07 1.57108e-07 0)
(5.4543e-07 1.70645e-07 0)
(5.12715e-07 1.77315e-07 0)
(4.75522e-07 1.77503e-07 0)
(4.34177e-07 1.71628e-07 0)
(3.8903e-07 1.60125e-07 0)
(3.40475e-07 1.43375e-07 0)
(2.88975e-07 1.21925e-07 0)
(2.3495e-07 9.6175e-08 0)
(1.7885e-07 6.6575e-08 0)
(1.212e-07 3.3675e-08 0)
(6.2525e-08 -2.075e-09 0)
(3.3e-09 -4.0225e-08 0)
(-5.5925e-08 -8.025e-08 0)
(-1.146e-07 -1.21625e-07 0)
(-1.72275e-07 -1.6395e-07 0)
(-2.284e-07 -2.0675e-07 0)
(-2.825e-07 -2.495e-07 0)
(-3.34075e-07 -2.91825e-07 0)
(-3.82657e-07 -3.33245e-07 0)
(-4.27863e-07 -3.73457e-07 0)
(-4.69265e-07 -4.12002e-07 0)
(-5.06502e-07 -4.4859e-07 0)
(-5.39247e-07 -4.82893e-07 0)
(-5.67215e-07 -5.14642e-07 0)
(-5.90155e-07 -5.43607e-07 0)
(-6.07868e-07 -5.69587e-07 0)
(-6.20201e-07 -5.92433e-07 0)
(-6.27047e-07 -6.1204e-07 0)
(-6.28347e-07 -6.28347e-07 0)
(-6.24096e-07 -6.41342e-07 0)
(-6.1433e-07 -6.51065e-07 0)
(-5.99142e-07 -6.57598e-07 0)
(-5.78673e-07 -6.61087e-07 0)
(-5.53105e-07 -6.61723e-07 0)
(-5.22675e-07 -6.59747e-07 0)
(-4.87653e-07 -6.55455e-07 0)
(-4.4835e-07 -6.49208e-07 0)
(-4.05135e-07 -6.41365e-07 0)
(-3.584e-07 -6.32417e-07 0)
(-3.0855e-07 -6.22875e-07 0)
(-2.5605e-07 -6.1325e-07 0)
(-2.0135e-07 -6.0415e-07 0)
(-1.4495e-07 -5.9625e-07 0)
(-8.74e-08 -5.90225e-07 0)
(-2.92e-08 -5.868e-07 0)
(6.80894e-07 2.49565e-08 0)
(6.65431e-07 6.625e-08 0)
(6.44887e-07 9.9295e-08 0)
(6.19372e-07 1.24467e-07 0)
(5.8904e-07 1.42155e-07 0)
(5.54098e-07 1.52755e-07 0)
(5.14795e-07 1.5667e-07 0)
(4.7143e-07 1.54323e-07 0)
(4.24345e-07 1.4613e-07 0)
(3.73882e-07 1.32575e-07 0)
(3.205e-07 1.14075e-07 0)
(2.64625e-07 9.11e-08 0)
(2.0665e-07 6.41e-08 0)
(1.47125e-07 3.3625e-08 0)
(8.6575e-08 1e-10 0)
(2.5425e-08 -3.595e-08 0)
(-3.5775e-08 -7.4075e-08 0)
(-9.645e-08 -1.13725e-07 0)
(-1.5615e-07 -1.54475e-07 0)
(-2.14375e-07 -1.9585e-07 0)
(-2.70575e-07 -2.37375e-07 0)
(-3.24275e-07 -2.78625e-07 0)
(-3.75045e-07 -3.19125e-07 0)
(-4.22458e-07 -3.58532e-07 0)
(-4.661e-07 -3.96438e-07 0)
(-5.05592e-07 -4.32498e-07 0)
(-5.40605e-07 -4.66393e-07 0)
(-5.70847e-07 -4.9784e-07 0)
(-5.96072e-07 -5.2659e-07 0)
(-6.16067e-07 -5.52435e-07 0)
(-6.30676e-07 -5.75208e-07 0)
(-6.3979e-07 -5.94787e-07 0)
(-6.43349e-07 -6.11092e-07 0)
(-6.41342e-07 -6.24096e-07 0)
(-6.3381e-07 -6.3381e-07 0)
(-6.2084e-07 -6.403e-07 0)
(-6.02577e-07 -6.4369e-07 0)
(-5.79215e-07 -6.44137e-07 0)
(-5.50982e-07 -6.41865e-07 0)
(-5.18168e-07 -6.37137e-07 0)
(-4.81107e-07 -6.30275e-07 0)
(-4.4013e-07 -6.21635e-07 0)
(-3.95675e-07 -6.11675e-07 0)
(-3.48225e-07 -6.00825e-07 0)
(-2.9815e-07 -5.896e-07 0)
(-2.46e-07 -5.7855e-07 0)
(-1.92325e-07 -5.68325e-07 0)
(-1.37625e-07 -5.59575e-07 0)
(-8.2475e-08 -5.53e-07 0)
(-2.7425e-08 -5.493e-07 0)
(7.24685e-07 2.3054e-08 0)
(7.00845e-07 6.06825e-08 0)
(6.7231e-07 9.02275e-08 0)
(6.39197e-07 1.12085e-07 0)
(6.01673e-07 1.2666e-07 0)
(5.59945e-07 1.34373e-07 0)
(5.14282e-07 1.3564e-07 0)
(4.64982e-07 1.30908e-07 0)
(4.1243e-07 1.20607e-07 0)
(3.56975e-07 1.052e-07 0)
(2.99e-07 8.52e-08 0)
(2.39e-07 6.0975e-08 0)
(1.77475e-07 3.31e-08 0)
(1.1485e-07 2.025e-09 0)
(5.1625e-08 -3.175e-08 0)
(-1.165e-08 -6.7775e-08 0)
(-7.4475e-08 -1.05475e-07 0)
(-1.36325e-07 -1.44475e-07 0)
(-1.96725e-07 -1.8425e-07 0)
(-2.55175e-07 -2.24325e-07 0)
(-3.11175e-07 -2.64275e-07 0)
(-3.6425e-07 -3.03675e-07 0)
(-4.13982e-07 -3.42132e-07 0)
(-4.5997e-07 -3.79232e-07 0)
(-5.01827e-07 -4.14623e-07 0)
(-5.3922e-07 -4.4798e-07 0)
(-5.71845e-07 -4.7901e-07 0)
(-5.99445e-07 -5.07455e-07 0)
(-6.2181e-07 -5.33092e-07 0)
(-6.38772e-07 -5.55743e-07 0)
(-6.5022e-07 -5.75263e-07 0)
(-6.56085e-07 -5.91562e-07 0)
(-6.56355e-07 -6.04585e-07 0)
(-6.51065e-07 -6.1433e-07 0)
(-6.403e-07 -6.2084e-07 0)
(-6.2421e-07 -6.2421e-07 0)
(-6.0298e-07 -6.24578e-07 0)
(-5.76847e-07 -6.22138e-07 0)
(-5.46105e-07 -6.17123e-07 0)
(-5.11085e-07 -6.09833e-07 0)
(-4.7215e-07 -6.0058e-07 0)
(-4.2975e-07 -5.89775e-07 0)
(-3.84325e-07 -5.77875e-07 0)
(-3.36325e-07 -5.653e-07 0)
(-2.86275e-07 -5.52575e-07 0)
(-2.34775e-07 -5.40325e-07 0)
(-1.82375e-07 -5.29125e-07 0)
(-1.29625e-07 -5.1965e-07 0)
(-7.7125e-08 -5.12575e-07 0)
(-2.55e-08 -5.0865e-07 0)
(7.64631e-07 2.10402e-08 0)
(7.32604e-07 5.4855e-08 0)
(6.9629e-07 8.082e-08 0)
(6.55805e-07 9.9345e-08 0)
(6.11328e-07 1.10855e-07 0)
(5.63078e-07 1.15775e-07 0)
(5.1133e-07 1.14545e-07 0)
(4.56398e-07 1.07612e-07 0)
(3.98638e-07 9.545e-08 0)
(3.38475e-07 7.845e-08 0)
(2.76275e-07 5.7175e-08 0)
(2.12525e-07 3.2075e-08 0)
(1.477e-07 3.65e-09 0)
(8.2275e-08 -2.77e-08 0)
(1.6775e-08 -6.14e-08 0)
(-4.83e-08 -9.7e-08 0)
(-1.12475e-07 -1.34e-07 0)
(-1.75225e-07 -1.71975e-07 0)
(-2.36e-07 -2.10425e-07 0)
(-2.944e-07 -2.48925e-07 0)
(-3.49925e-07 -2.87025e-07 0)
(-4.02133e-07 -3.2431e-07 0)
(-4.50603e-07 -3.60425e-07 0)
(-4.94948e-07 -3.94985e-07 0)
(-5.34848e-07 -4.27665e-07 0)
(-5.6998e-07 -4.58155e-07 0)
(-6.0008e-07 -4.86187e-07 0)
(-6.2493e-07 -5.11535e-07 0)
(-6.4436e-07 -5.33995e-07 0)
(-6.58238e-07 -5.53418e-07 0)
(-6.66495e-07 -5.69692e-07 0)
(-6.69112e-07 -5.82745e-07 0)
(-6.66117e-07 -5.92555e-07 0)
(-6.57598e-07 -5.99142e-07 0)
(-6.4369e-07 -6.02577e-07 0)
(-6.24578e-07 -6.0298e-07 0)
(-6.00505e-07 -6.00505e-07 0)
(-5.7176e-07 -5.9538e-07 0)
(-5.38677e-07 -5.87835e-07 0)
(-5.01625e-07 -5.782e-07 0)
(-4.6105e-07 -5.668e-07 0)
(-4.17425e-07 -5.54075e-07 0)
(-3.712e-07 -5.40425e-07 0)
(-3.22925e-07 -5.2635e-07 0)
(-2.73175e-07 -5.12375e-07 0)
(-2.2255e-07 -4.99125e-07 0)
(-1.7165e-07 -4.871e-07 0)
(-1.21075e-07 -4.77025e-07 0)
(-7.1475e-08 -4.69575e-07 0)
(-2.35e-08 -4.65475e-07 0)
(8.0058e-07 1.89445e-08 0)
(7.60625e-07 4.886e-08 0)
(7.168e-07 7.12175e-08 0)
(6.69232e-07 8.645e-08 0)
(6.18102e-07 9.49825e-08 0)
(5.63635e-07 9.72575e-08 0)
(5.0612e-07 9.3715e-08 0)
(4.45888e-07 8.48125e-08 0)
(3.83268e-07 7.1025e-08 0)
(3.187e-07 5.2775e-08 0)
(2.52625e-07 3.055e-08 0)
(1.85475e-07 4.9e-09 0)
(1.177e-07 -2.3825e-08 0)
(4.98e-08 -5.5025e-08 0)
(-1.7675e-08 -8.83e-08 0)
(-8.425e-08 -1.23125e-07 0)
(-1.4945e-07 -1.591e-07 0)
(-2.1275e-07 -1.957e-07 0)
(-2.73675e-07 -2.32525e-07 0)
(-3.31775e-07 -2.69125e-07 0)
(-3.8656e-07 -3.051e-07 0)
(-4.3765e-07 -3.4005e-07 0)
(-4.84658e-07 -3.73603e-07 0)
(-5.2721e-07 -4.05448e-07 0)
(-5.64998e-07 -4.35257e-07 0)
(-5.97742e-07 -4.6276e-07 0)
(-6.25225e-07 -4.8771e-07 0)
(-6.47252e-07 -5.09908e-07 0)
(-6.63693e-07 -5.29177e-07 0)
(-6.7447e-07 -5.45393e-07 0)
(-6.79547e-07 -5.58472e-07 0)
(-6.78948e-07 -5.6837e-07 0)
(-6.72752e-07 -5.7509e-07 0)
(-6.61087e-07 -5.78672e-07 0)
(-6.44137e-07 -5.79215e-07 0)
(-6.22138e-07 -5.76847e-07 0)
(-5.9538e-07 -5.7176e-07 0)
(-5.64178e-07 -5.64177e-07 0)
(-5.28925e-07 -5.54375e-07 0)
(-4.9005e-07 -5.4265e-07 0)
(-4.48025e-07 -5.294e-07 0)
(-4.03375e-07 -5.15e-07 0)
(-3.566e-07 -4.999e-07 0)
(-3.08275e-07 -4.84575e-07 0)
(-2.5905e-07 -4.696e-07 0)
(-2.095e-07 -4.555e-07 0)
(-1.60275e-07 -4.42875e-07 0)
(-1.121e-07 -4.3235e-07 0)
(-6.5575e-08 -4.24625e-07 0)
(-2.14e-08 -4.20375e-07 0)
(8.32435e-07 1.67987e-08 0)
(7.84877e-07 4.278e-08 0)
(7.3388e-07 6.15675e-08 0)
(6.7957e-07 7.35975e-08 0)
(6.22135e-07 7.93e-08 0)
(5.6181e-07 7.91175e-08 0)
(4.98885e-07 7.34975e-08 0)
(4.33708e-07 6.289e-08 0)
(3.666e-07 4.775e-08 0)
(2.98e-07 2.8575e-08 0)
(2.284e-07 5.775e-09 0)
(1.5815e-07 -2.015e-08 0)
(8.7775e-08 -4.8725e-08 0)
(1.78e-08 -7.9475e-08 0)
(-5.1325e-08 -1.1195e-07 0)
(-1.191e-07 -1.457e-07 0)
(-1.8505e-07 -1.80275e-07 0)
(-2.4865e-07 -2.152e-07 0)
(-3.09425e-07 -2.501e-07 0)
(-3.66975e-07 -2.84525e-07 0)
(-4.2085e-07 -3.1811e-07 0)
(-4.70635e-07 -3.505e-07 0)
(-5.16e-07 -3.8133e-07 0)
(-5.56603e-07 -4.10305e-07 0)
(-5.9216e-07 -4.37132e-07 0)
(-6.22433e-07 -4.6157e-07 0)
(-6.47228e-07 -4.83402e-07 0)
(-6.66397e-07 -5.02441e-07 0)
(-6.79845e-07 -5.18557e-07 0)
(-6.87533e-07 -5.31642e-07 0)
(-6.89472e-07 -5.41635e-07 0)
(-6.8573e-07 -5.48522e-07 0)
(-6.7642e-07 -5.52322e-07 0)
(-6.61723e-07 -5.53105e-07 0)
(-6.41865e-07 -5.50982e-07 0)
(-6.17123e-07 -5.46105e-07 0)
(-5.87835e-07 -5.38677e-07 0)
(-5.54375e-07 -5.28925e-07 0)
(-5.1715e-07 -5.1715e-07 0)
(-4.7665e-07 -5.0365e-07 0)
(-4.334e-07 -4.8885e-07 0)
(-3.87925e-07 -4.731e-07 0)
(-3.40775e-07 -4.56825e-07 0)
(-2.92625e-07 -4.40575e-07 0)
(-2.441e-07 -4.24825e-07 0)
(-1.95825e-07 -4.101e-07 0)
(-1.485e-07 -3.97075e-07 0)
(-1.02825e-07 -3.86275e-07 0)
(-5.95e-08 -3.78375e-07 0)
(-1.925e-08 -3.74075e-07 0)
(8.60159e-07 1.4636e-08 0)
(8.05393e-07 3.6715e-08 0)
(7.47617e-07 5.20275e-08 0)
(6.86965e-07 6.1e-08 0)
(6.23622e-07 6.40675e-08 0)
(5.57832e-07 6.16625e-08 0)
(4.89892e-07 5.42375e-08 0)
(4.2014e-07 4.2225e-08 0)
(3.48952e-07 2.6075e-08 0)
(2.76725e-07 6.275e-09 0)
(2.039e-07 -1.6725e-08 0)
(1.30975e-07 -4.255e-08 0)
(5.8375e-08 -7.06e-08 0)
(-1.3425e-08 -1.0055e-07 0)
(-8.39e-08 -1.319e-07 0)
(-1.52575e-07 -1.64225e-07 0)
(-2.1895e-07 -1.97075e-07 0)
(-2.82575e-07 -2.30025e-07 0)
(-3.43e-07 -2.627e-07 0)
(-3.99785e-07 -2.9472e-07 0)
(-4.52535e-07 -3.25703e-07 0)
(-5.0087e-07 -3.55333e-07 0)
(-5.44462e-07 -3.83285e-07 0)
(-5.83012e-07 -4.09278e-07 0)
(-6.16262e-07 -4.33058e-07 0)
(-6.44012e-07 -4.544e-07 0)
(-6.66096e-07 -4.73118e-07 0)
(-6.82407e-07 -4.89055e-07 0)
(-6.92894e-07 -5.02103e-07 0)
(-6.97548e-07 -5.1218e-07 0)
(-6.96427e-07 -5.19253e-07 0)
(-6.89635e-07 -5.23323e-07 0)
(-6.77335e-07 -5.24435e-07 0)
(-6.59747e-07 -5.22675e-07 0)
(-6.37137e-07 -5.18168e-07 0)
(-6.09832e-07 -5.11085e-07 0)
(-5.782e-07 -5.01625e-07 0)
(-5.4265e-07 -4.9005e-07 0)
(-5.0365e-07 -4.7665e-07 0)
(-4.6175e-07 -4.6175e-07 0)
(-4.17475e-07 -4.457e-07 0)
(-3.7135e-07 -4.28925e-07 0)
(-3.24075e-07 -4.11825e-07 0)
(-2.76275e-07 -3.9495e-07 0)
(-2.28575e-07 -3.78675e-07 0)
(-1.8175e-07 -3.6365e-07 0)
(-1.3645e-07 -3.50375e-07 0)
(-9.34e-08 -3.39475e-07 0)
(-5.3375e-08 -3.31525e-07 0)
(-1.71e-08 -3.2725e-07 0)
(8.83786e-07 1.24905e-08 0)
(8.22269e-07 3.0765e-08 0)
(7.58165e-07 4.27525e-08 0)
(6.9161e-07 4.8875e-08 0)
(6.22798e-07 4.955e-08 0)
(5.5198e-07 4.521e-08 0)
(4.79448e-07 3.62875e-08 0)
(4.05545e-07 2.32275e-08 0)
(3.3065e-07 6.425e-09 0)
(2.552e-07 -1.3625e-08 0)
(1.79575e-07 -3.65e-08 0)
(1.04275e-07 -6.1775e-08 0)
(2.9775e-08 -8.9025e-08 0)
(-4.35e-08 -1.17775e-07 0)
(-1.15e-07 -1.47625e-07 0)
(-1.84275e-07 -1.7815e-07 0)
(-2.5085e-07 -2.0895e-07 0)
(-3.14275e-07 -2.3965e-07 0)
(-3.7412e-07 -2.69878e-07 0)
(-4.29978e-07 -2.9926e-07 0)
(-4.81463e-07 -3.27472e-07 0)
(-5.28217e-07 -3.54205e-07 0)
(-5.69945e-07 -3.79175e-07 0)
(-6.06375e-07 -4.02122e-07 0)
(-6.37282e-07 -4.22828e-07 0)
(-6.62492e-07 -4.41093e-07 0)
(-6.81882e-07 -4.56756e-07 0)
(-6.95383e-07 -4.69696e-07 0)
(-7.0297e-07 -4.79815e-07 0)
(-7.04682e-07 -4.87068e-07 0)
(-7.00615e-07 -4.91438e-07 0)
(-6.90913e-07 -4.9294e-07 0)
(-6.75772e-07 -4.91648e-07 0)
(-6.55455e-07 -4.87653e-07 0)
(-6.30275e-07 -4.81108e-07 0)
(-6.0058e-07 -4.7215e-07 0)
(-5.668e-07 -4.6105e-07 0)
(-5.294e-07 -4.48025e-07 0)
(-4.8885e-07 -4.334e-07 0)
(-4.457e-07 -4.17475e-07 0)
(-4.00575e-07 -4.00575e-07 0)
(-3.5405e-07 -3.83125e-07 0)
(-3.068e-07 -3.65575e-07 0)
(-2.59475e-07 -3.4835e-07 0)
(-2.128e-07 -3.31925e-07 0)
(-1.67525e-07 -3.16825e-07 0)
(-1.24325e-07 -3.0355e-07 0)
(-8.3975e-08 -2.927e-07 0)
(-4.7275e-08 -2.84875e-07 0)
(-1.4975e-08 -2.80625e-07 0)
(9.03414e-07 1.03975e-08 0)
(8.35655e-07 2.503e-08 0)
(7.65727e-07 3.391e-08 0)
(6.93762e-07 3.7435e-08 0)
(6.19958e-07 3.60225e-08 0)
(5.4457e-07 3.00775e-08 0)
(4.6791e-07 2.0015e-08 0)
(3.90277e-07 6.25e-09 0)
(3.121e-07 -1.0775e-08 0)
(2.338e-07 -3.0675e-08 0)
(1.5575e-07 -5.305e-08 0)
(7.845e-08 -7.74e-08 0)
(2.375e-09 -1.034e-07 0)
(-7.2025e-08 -1.306e-07 0)
(-1.44275e-07 -1.586e-07 0)
(-2.139e-07 -1.87025e-07 0)
(-2.8045e-07 -2.15525e-07 0)
(-3.43503e-07 -2.43705e-07 0)
(-4.0261e-07 -2.7124e-07 0)
(-4.5738e-07 -2.97807e-07 0)
(-5.0748e-07 -3.23087e-07 0)
(-5.52573e-07 -3.46818e-07 0)
(-5.9238e-07 -3.68738e-07 0)
(-6.26665e-07 -3.88623e-07 0)
(-6.55232e-07 -4.06275e-07 0)
(-6.77941e-07 -4.21533e-07 0)
(-6.947e-07 -4.34258e-07 0)
(-7.05467e-07 -4.44353e-07 0)
(-7.10265e-07 -4.51745e-07 0)
(-7.0917e-07 -4.56408e-07 0)
(-7.023e-07 -4.58343e-07 0)
(-6.89845e-07 -4.57588e-07 0)
(-6.72048e-07 -4.5422e-07 0)
(-6.49207e-07 -4.4835e-07 0)
(-6.21635e-07 -4.4013e-07 0)
(-5.89775e-07 -4.2975e-07 0)
(-5.54075e-07 -4.17425e-07 0)
(-5.15e-07 -4.03375e-07 0)
(-4.731e-07 -3.87925e-07 0)
(-4.28925e-07 -3.7135e-07 0)
(-3.83125e-07 -3.5405e-07 0)
(-3.3635e-07 -3.3635e-07 0)
(-2.893e-07 -3.187e-07 0)
(-2.42625e-07 -3.015e-07 0)
(-1.9705e-07 -2.85225e-07 0)
(-1.53375e-07 -2.70325e-07 0)
(-1.12325e-07 -2.573e-07 0)
(-7.4725e-08 -2.46725e-07 0)
(-4.13e-08 -2.391e-07 0)
(-1.285e-08 -2.35e-07 0)
(9.19214e-07 8.39375e-09 0)
(8.45781e-07 1.962e-08 0)
(7.7057e-07 2.5665e-08 0)
(6.93723e-07 2.6915e-08 0)
(6.1544e-07 2.37575e-08 0)
(5.35973e-07 1.6585e-08 0)
(4.5562e-07 5.7825e-09 0)
(3.74755e-07 -8.275e-09 0)
(2.93725e-07 -2.5125e-08 0)
(2.12925e-07 -4.4475e-08 0)
(1.3285e-07 -6.5875e-08 0)
(5.3925e-08 -8.8925e-08 0)
(-2.3425e-08 -1.133e-07 0)
(-9.87e-08 -1.38575e-07 0)
(-1.71425e-07 -1.644e-07 0)
(-2.412e-07 -1.9045e-07 0)
(-3.0753e-07 -2.1635e-07 0)
(-3.6999e-07 -2.41777e-07 0)
(-4.28222e-07 -2.66415e-07 0)
(-4.81825e-07 -2.89995e-07 0)
(-5.30473e-07 -3.12235e-07 0)
(-5.73867e-07 -3.3289e-07 0)
(-6.1175e-07 -3.51743e-07 0)
(-6.43913e-07 -3.68592e-07 0)
(-6.70192e-07 -3.8327e-07 0)
(-6.90475e-07 -3.95642e-07 0)
(-7.04703e-07 -4.05594e-07 0)
(-7.12869e-07 -4.1305e-07 0)
(-7.15025e-07 -4.1797e-07 0)
(-7.1128e-07 -4.20332e-07 0)
(-7.01795e-07 -4.2016e-07 0)
(-6.8679e-07 -4.1751e-07 0)
(-6.66535e-07 -4.12465e-07 0)
(-6.41365e-07 -4.05135e-07 0)
(-6.11675e-07 -3.95675e-07 0)
(-5.77875e-07 -3.84325e-07 0)
(-5.40425e-07 -3.712e-07 0)
(-4.999e-07 -3.566e-07 0)
(-4.56825e-07 -3.40775e-07 0)
(-4.11825e-07 -3.24075e-07 0)
(-3.65575e-07 -3.068e-07 0)
(-3.187e-07 -2.893e-07 0)
(-2.7195e-07 -2.7195e-07 0)
(-2.26e-07 -2.55125e-07 0)
(-1.81625e-07 -2.39325e-07 0)
(-1.396e-07 -2.24925e-07 0)
(-1.00725e-07 -2.12425e-07 0)
(-6.5775e-08 -2.023e-07 0)
(-3.555e-08 -1.95e-07 0)
(-1.0875e-08 -1.91125e-07 0)
(9.31428e-07 6.5165e-09 0)
(8.52927e-07 1.46325e-08 0)
(7.73022e-07 1.8185e-08 0)
(6.91855e-07 1.75375e-08 0)
(6.09628e-07 1.304e-08 0)
(5.26595e-07 5.0575e-09 0)
(4.4305e-07 -6.0525e-09 0)
(3.5937e-07 -1.9925e-08 0)
(2.759e-07 -3.6225e-08 0)
(1.9305e-07 -5.455e-08 0)
(1.113e-07 -7.455e-08 0)
(3.1025e-08 -9.59e-08 0)
(-4.7275e-08 -1.1825e-07 0)
(-1.23125e-07 -1.4125e-07 0)
(-1.9615e-07 -1.646e-07 0)
(-2.6585e-07 -1.8795e-07 0)
(-3.31778e-07 -2.10965e-07 0)
(-3.93568e-07 -2.33425e-07 0)
(-4.50827e-07 -2.55017e-07 0)
(-5.032e-07 -2.75492e-07 0)
(-5.50375e-07 -2.9462e-07 0)
(-5.9208e-07 -3.12182e-07 0)
(-6.28082e-07 -3.2799e-07 0)
(-6.58193e-07 -3.4188e-07 0)
(-6.82282e-07 -3.53709e-07 0)
(-7.00265e-07 -3.63366e-07 0)
(-7.12108e-07 -3.70767e-07 0)
(-7.17842e-07 -3.75858e-07 0)
(-7.17548e-07 -3.78605e-07 0)
(-7.1136e-07 -3.7902e-07 0)
(-6.99478e-07 -3.77127e-07 0)
(-6.8215e-07 -3.72995e-07 0)
(-6.59672e-07 -3.66715e-07 0)
(-6.32417e-07 -3.584e-07 0)
(-6.00825e-07 -3.48225e-07 0)
(-5.653e-07 -3.36325e-07 0)
(-5.2635e-07 -3.22925e-07 0)
(-4.84575e-07 -3.08275e-07 0)
(-4.40575e-07 -2.92625e-07 0)
(-3.9495e-07 -2.76275e-07 0)
(-3.4835e-07 -2.59475e-07 0)
(-3.015e-07 -2.42625e-07 0)
(-2.55125e-07 -2.26e-07 0)
(-2.1e-07 -2.1e-07 0)
(-1.6685e-07 -1.95025e-07 0)
(-1.26475e-07 -1.81425e-07 0)
(-8.97e-08 -1.697e-07 0)
(-5.73e-08 -1.602e-07 0)
(-3.0125e-08 -1.53425e-07 0)
(-8.975e-09 -1.498e-07 0)
(9.40363e-07 4.80325e-09 0)
(8.5745e-07 1.018e-08 0)
(7.73475e-07 1.165e-08 0)
(6.88577e-07 9.53e-09 0)
(6.0296e-07 4.1475e-09 0)
(5.1688e-07 -4.18e-09 0)
(4.30637e-07 -1.51225e-08 0)
(3.44583e-07 -2.8355e-08 0)
(2.591e-07 -4.3575e-08 0)
(1.746e-07 -6.0425e-08 0)
(9.15e-08 -7.8625e-08 0)
(1.0225e-08 -9.7875e-08 0)
(-6.8775e-08 -1.178e-07 0)
(-1.4505e-07 -1.38175e-07 0)
(-2.18125e-07 -1.587e-07 0)
(-2.87565e-07 -1.79055e-07 0)
(-3.53005e-07 -1.99008e-07 0)
(-4.14043e-07 -2.18307e-07 0)
(-4.7029e-07 -2.36708e-07 0)
(-5.21427e-07 -2.53998e-07 0)
(-5.67162e-07 -2.69977e-07 0)
(-6.07238e-07 -2.84465e-07 0)
(-6.41447e-07 -2.97305e-07 0)
(-6.69632e-07 -3.0836e-07 0)
(-6.91679e-07 -3.17519e-07 0)
(-7.07533e-07 -3.24693e-07 0)
(-7.17193e-07 -3.2982e-07 0)
(-7.20708e-07 -3.32863e-07 0)
(-7.18188e-07 -3.3381e-07 0)
(-7.09802e-07 -3.32675e-07 0)
(-6.9577e-07 -3.29503e-07 0)
(-6.76378e-07 -3.24355e-07 0)
(-6.5194e-07 -3.17317e-07 0)
(-6.22875e-07 -3.0855e-07 0)
(-5.896e-07 -2.9815e-07 0)
(-5.52575e-07 -2.86275e-07 0)
(-5.12375e-07 -2.73175e-07 0)
(-4.696e-07 -2.5905e-07 0)
(-4.24825e-07 -2.441e-07 0)
(-3.78675e-07 -2.28575e-07 0)
(-3.31925e-07 -2.128e-07 0)
(-2.85225e-07 -1.9705e-07 0)
(-2.39325e-07 -1.81625e-07 0)
(-1.95025e-07 -1.6685e-07 0)
(-1.5305e-07 -1.5305e-07 0)
(-1.14275e-07 -1.4065e-07 0)
(-7.95e-08 -1.29925e-07 0)
(-4.95e-08 -1.213e-07 0)
(-2.515e-08 -1.1515e-07 0)
(-7.25e-09 -1.11875e-07 0)
(9.46411e-07 3.29325e-09 0)
(8.59773e-07 6.375e-09 0)
(7.72372e-07 6.225e-09 0)
(6.84353e-07 3.1275e-09 0)
(5.95918e-07 -2.64e-09 0)
(5.07325e-07 -1.0795e-08 0)
(4.18875e-07 -2.106e-08 0)
(3.30918e-07 -3.31525e-08 0)
(2.4383e-07 -4.68e-08 0)
(1.58e-07 -6.1725e-08 0)
(7.385e-08 -7.7675e-08 0)
(-8.15e-09 -9.435e-08 0)
(-8.7575e-08 -1.11525e-07 0)
(-1.64025e-07 -1.28925e-07 0)
(-2.3703e-07 -1.46275e-07 0)
(-3.06158e-07 -1.63405e-07 0)
(-3.7103e-07 -1.80077e-07 0)
(-4.31268e-07 -1.9606e-07 0)
(-4.86518e-07 -2.11168e-07 0)
(-5.3647e-07 -2.25225e-07 0)
(-5.80842e-07 -2.38065e-07 0)
(-6.19408e-07 -2.49545e-07 0)
(-6.51977e-07 -2.59537e-07 0)
(-6.78407e-07 -2.67937e-07 0)
(-6.98615e-07 -2.74656e-07 0)
(-7.12566e-07 -2.79631e-07 0)
(-7.20278e-07 -2.82817e-07 0)
(-7.21833e-07 -2.8419e-07 0)
(-7.1736e-07 -2.83757e-07 0)
(-7.07052e-07 -2.81535e-07 0)
(-6.91157e-07 -2.77575e-07 0)
(-6.69965e-07 -2.7194e-07 0)
(-6.43868e-07 -2.64725e-07 0)
(-6.1325e-07 -2.5605e-07 0)
(-5.7855e-07 -2.46e-07 0)
(-5.40325e-07 -2.34775e-07 0)
(-4.99125e-07 -2.2255e-07 0)
(-4.555e-07 -2.095e-07 0)
(-4.101e-07 -1.95825e-07 0)
(-3.6365e-07 -1.8175e-07 0)
(-3.16825e-07 -1.67525e-07 0)
(-2.70325e-07 -1.53375e-07 0)
(-2.24925e-07 -1.396e-07 0)
(-1.81425e-07 -1.26475e-07 0)
(-1.4065e-07 -1.14275e-07 0)
(-1.0335e-07 -1.0335e-07 0)
(-7.035e-08 -9.3925e-08 0)
(-4.2525e-08 -8.6375e-08 0)
(-2.07e-08 -8.1025e-08 0)
(-5.7e-09 -7.815e-08 0)
(9.50031e-07 2.0245e-09 0)
(8.60382e-07 3.3175e-09 0)
(7.70228e-07 2.085e-09 0)
(6.79713e-07 -1.4425e-09 0)
(5.89038e-07 -7.035e-09 0)
(4.9846e-07 -1.44675e-08 0)
(4.0828e-07 -2.35075e-08 0)
(3.18842e-07 -3.3925e-08 0)
(2.30527e-07 -4.55e-08 0)
(1.43725e-07 -5.8e-08 0)
(5.8875e-08 -7.1225e-08 0)
(-2.3625e-08 -8.4925e-08 0)
(-1.0335e-07 -9.8925e-08 0)
(-1.798e-07 -1.13e-07 0)
(-2.52605e-07 -1.2695e-07 0)
(-3.21367e-07 -1.40608e-07 0)
(-3.8566e-07 -1.53795e-07 0)
(-4.45133e-07 -1.66338e-07 0)
(-4.99455e-07 -1.7809e-07 0)
(-5.48325e-07 -1.88905e-07 0)
(-5.91483e-07 -1.9866e-07 0)
(-6.2871e-07 -2.07248e-07 0)
(-6.5984e-07 -2.14565e-07 0)
(-6.84751e-07 -2.20539e-07 0)
(-7.03372e-07 -2.25105e-07 0)
(-7.15694e-07 -2.28218e-07 0)
(-7.21752e-07 -2.2985e-07 0)
(-7.21648e-07 -2.29995e-07 0)
(-7.15532e-07 -2.28655e-07 0)
(-7.0362e-07 -2.25868e-07 0)
(-6.86175e-07 -2.2167e-07 0)
(-6.63527e-07 -2.16118e-07 0)
(-6.3605e-07 -2.09325e-07 0)
(-6.0415e-07 -2.0135e-07 0)
(-5.68325e-07 -1.92325e-07 0)
(-5.29125e-07 -1.82375e-07 0)
(-4.871e-07 -1.7165e-07 0)
(-4.42875e-07 -1.60275e-07 0)
(-3.97075e-07 -1.485e-07 0)
(-3.50375e-07 -1.3645e-07 0)
(-3.0355e-07 -1.24325e-07 0)
(-2.573e-07 -1.12325e-07 0)
(-2.12425e-07 -1.00725e-07 0)
(-1.697e-07 -8.97e-08 0)
(-1.29925e-07 -7.95e-08 0)
(-9.3925e-08 -7.035e-08 0)
(-6.2525e-08 -6.2525e-08 0)
(-3.66e-08 -5.6275e-08 0)
(-1.6925e-08 -5.1825e-08 0)
(-4.375e-09 -4.9475e-08 0)
(9.51754e-07 1.0365e-09 0)
(8.59834e-07 1.1275e-09 0)
(7.67613e-07 -5.9e-10 0)
(6.75232e-07 -3.945e-09 0)
(5.82892e-07 -8.7625e-09 0)
(4.90853e-07 -1.48725e-08 0)
(3.99418e-07 -2.21e-08 0)
(3.08925e-07 -3.0275e-08 0)
(2.19755e-07 -3.9225e-08 0)
(1.32275e-07 -4.88e-08 0)
(4.6925e-08 -5.88e-08 0)
(-3.585e-08 -6.9125e-08 0)
(-1.1565e-07 -7.9575e-08 0)
(-1.9205e-07 -9e-08 0)
(-2.64638e-07 -1.00275e-07 0)
(-3.33003e-07 -1.1025e-07 0)
(-3.9676e-07 -1.19805e-07 0)
(-4.55563e-07 -1.2882e-07 0)
(-5.09085e-07 -1.37182e-07 0)
(-5.5704e-07 -1.44795e-07 0)
(-5.99185e-07 -1.51565e-07 0)
(-6.35313e-07 -1.57415e-07 0)
(-6.65269e-07 -1.62285e-07 0)
(-6.88946e-07 -1.66114e-07 0)
(-7.06294e-07 -1.68866e-07 0)
(-7.17311e-07 -1.7051e-07 0)
(-7.22055e-07 -1.71035e-07 0)
(-7.20637e-07 -1.7044e-07 0)
(-7.13233e-07 -1.68737e-07 0)
(-7.00068e-07 -1.65952e-07 0)
(-6.81407e-07 -1.62122e-07 0)
(-6.5762e-07 -1.573e-07 0)
(-6.291e-07 -1.5155e-07 0)
(-5.9625e-07 -1.4495e-07 0)
(-5.59575e-07 -1.37625e-07 0)
(-5.1965e-07 -1.29625e-07 0)
(-4.77025e-07 -1.21075e-07 0)
(-4.3235e-07 -1.121e-07 0)
(-3.86275e-07 -1.02825e-07 0)
(-3.39475e-07 -9.34e-08 0)
(-2.927e-07 -8.3975e-08 0)
(-2.46725e-07 -7.4725e-08 0)
(-2.023e-07 -6.5775e-08 0)
(-1.602e-07 -5.73e-08 0)
(-1.213e-07 -4.95e-08 0)
(-8.6375e-08 -4.2525e-08 0)
(-5.6275e-08 -3.66e-08 0)
(-3.1825e-08 -3.1825e-08 0)
(-1.39e-08 -2.845e-08 0)
(-3.35e-09 -2.67e-08 0)
(9.52195e-07 3.685e-10 0)
(8.58755e-07 -8.75e-11 0)
(7.65155e-07 -1.63e-09 0)
(6.7154e-07 -4.1475e-09 0)
(5.7811e-07 -7.535e-09 0)
(4.85123e-07 -1.168e-08 0)
(3.92877e-07 -1.6475e-08 0)
(3.01717e-07 -2.18175e-08 0)
(2.12003e-07 -2.76e-08 0)
(1.2415e-07 -3.3725e-08 0)
(3.855e-08 -4.005e-08 0)
(-4.44e-08 -4.655e-08 0)
(-1.24225e-07 -5.305e-08 0)
(-2.005e-07 -5.9525e-08 0)
(-2.72855e-07 -6.5865e-08 0)
(-3.40897e-07 -7.197e-08 0)
(-4.0423e-07 -7.77675e-08 0)
(-4.6251e-07 -8.3195e-08 0)
(-5.1543e-07 -8.81775e-08 0)
(-5.62708e-07 -9.266e-08 0)
(-6.04103e-07 -9.65875e-08 0)
(-6.3943e-07 -9.9915e-08 0)
(-6.68538e-07 -1.02605e-07 0)
(-6.91333e-07 -1.04627e-07 0)
(-7.07769e-07 -1.05961e-07 0)
(-7.17862e-07 -1.0659e-07 0)
(-7.21683e-07 -1.0651e-07 0)
(-7.1935e-07 -1.05725e-07 0)
(-7.11045e-07 -1.04247e-07 0)
(-6.97005e-07 -1.02092e-07 0)
(-6.77522e-07 -9.92925e-08 0)
(-6.52955e-07 -9.59e-08 0)
(-6.237e-07 -9.1925e-08 0)
(-5.90225e-07 -8.74e-08 0)
(-5.53e-07 -8.2475e-08 0)
(-5.12575e-07 -7.7125e-08 0)
(-4.69575e-07 -7.1475e-08 0)
(-4.24625e-07 -6.5575e-08 0)
(-3.78375e-07 -5.95e-08 0)
(-3.31525e-07 -5.3375e-08 0)
(-2.84875e-07 -4.7275e-08 0)
(-2.391e-07 -4.13e-08 0)
(-1.95e-07 -3.555e-08 0)
(-1.53425e-07 -3.0125e-08 0)
(-1.1515e-07 -2.515e-08 0)
(-8.1025e-08 -2.07e-08 0)
(-5.1825e-08 -1.6925e-08 0)
(-2.845e-08 -1.39e-08 0)
(-1.18e-08 -1.18e-08 0)
(-2.625e-09 -1.065e-08 0)
(9.52035e-07 5.95e-11 0)
(8.57836e-07 -2.2e-10 0)
(7.63553e-07 -8.6e-10 0)
(6.69327e-07 -1.8225e-09 0)
(5.7536e-07 -3.0725e-09 0)
(4.81912e-07 -4.5725e-09 0)
(3.8928e-07 -6.2825e-09 0)
(2.978e-07 -8.17e-09 0)
(2.07847e-07 -1.02e-08 0)
(1.19825e-07 -1.2325e-08 0)
(3.41e-08 -1.4525e-08 0)
(-4.885e-08 -1.6775e-08 0)
(-1.28625e-07 -1.8975e-08 0)
(-2.04865e-07 -2.1175e-08 0)
(-2.77082e-07 -2.334e-08 0)
(-3.44905e-07 -2.54025e-08 0)
(-4.07985e-07 -2.73475e-08 0)
(-4.65973e-07 -2.91575e-08 0)
(-5.1855e-07 -3.081e-08 0)
(-5.6545e-07 -3.22775e-08 0)
(-6.0644e-07 -3.35525e-08 0)
(-6.4133e-07 -3.4615e-08 0)
(-6.69981e-07 -3.54525e-08 0)
(-6.92303e-07 -3.60575e-08 0)
(-7.08256e-07 -3.64225e-08 0)
(-7.1786e-07 -3.6545e-08 0)
(-7.2119e-07 -3.642e-08 0)
(-7.18375e-07 -3.60525e-08 0)
(-7.096e-07 -3.5445e-08 0)
(-6.95112e-07 -3.46075e-08 0)
(-6.75215e-07 -3.35525e-08 0)
(-6.50253e-07 -3.23e-08 0)
(-6.206e-07 -3.085e-08 0)
(-5.868e-07 -2.92e-08 0)
(-5.493e-07 -2.7425e-08 0)
(-5.0865e-07 -2.55e-08 0)
(-4.65475e-07 -2.35e-08 0)
(-4.20375e-07 -2.14e-08 0)
(-3.74075e-07 -1.925e-08 0)
(-3.2725e-07 -1.71e-08 0)
(-2.80625e-07 -1.4975e-08 0)
(-2.35e-07 -1.285e-08 0)
(-1.91125e-07 -1.0875e-08 0)
(-1.498e-07 -8.975e-09 0)
(-1.11875e-07 -7.25e-09 0)
(-7.815e-08 -5.7e-09 0)
(-4.9475e-08 -4.375e-09 0)
(-2.67e-08 -3.35e-09 0)
(-1.065e-08 -2.625e-09 0)
(-2.2e-09 -2.2e-09 0)
)
;

boundaryField
{
    left
    {
        type            extrapolatedCalculated;
        value           nonuniform List<vector> 
50
(
(-4.61623e-08 -4.39448e-08 0)
(-1.29617e-07 -3.95112e-08 0)
(-2.04207e-07 -3.50818e-08 0)
(-2.69944e-07 -3.0663e-08 0)
(-3.26859e-07 -2.62648e-08 0)
(-3.75003e-07 -2.18985e-08 0)
(-4.14453e-07 -1.75782e-08 0)
(-4.45316e-07 -1.33195e-08 0)
(-4.67731e-07 -9.13875e-09 0)
(-4.81871e-07 -5.0545e-09 0)
(-4.87949e-07 -1.0855e-09 0)
(-4.86213e-07 2.74975e-09 0)
(-4.7695e-07 6.4315e-09 0)
(-4.60487e-07 9.94075e-09 0)
(-4.37187e-07 1.32595e-08 0)
(-4.07449e-07 1.637e-08 0)
(-3.71707e-07 1.92553e-08 0)
(-3.30428e-07 2.18998e-08 0)
(-2.84108e-07 2.42903e-08 0)
(-2.33267e-07 2.64145e-08 0)
(-1.7845e-07 2.8262e-08 0)
(-1.20219e-07 2.98251e-08 0)
(-5.91495e-08 3.10976e-08 0)
(4.17139e-09 3.20758e-08 0)
(6.91538e-08 3.27592e-08 0)
(1.35208e-07 3.31485e-08 0)
(2.01748e-07 3.32482e-08 0)
(2.68201e-07 3.3065e-08 0)
(3.34008e-07 3.2608e-08 0)
(3.98633e-07 3.18893e-08 0)
(4.61565e-07 3.09227e-08 0)
(5.22324e-07 2.97255e-08 0)
(5.80467e-07 2.83175e-08 0)
(6.35594e-07 2.672e-08 0)
(6.87347e-07 2.49565e-08 0)
(7.3542e-07 2.3054e-08 0)
(7.79563e-07 2.10402e-08 0)
(8.19581e-07 1.89445e-08 0)
(8.55341e-07 1.67987e-08 0)
(8.86776e-07 1.4636e-08 0)
(9.13885e-07 1.24905e-08 0)
(9.36738e-07 1.03975e-08 0)
(9.55475e-07 8.39375e-09 0)
(9.70313e-07 6.5165e-09 0)
(9.81541e-07 4.80325e-09 0)
(9.89526e-07 3.29325e-09 0)
(9.94714e-07 2.0245e-09 0)
(9.97624e-07 1.0365e-09 0)
(9.9886e-07 3.685e-10 0)
(9.99098e-07 5.95e-11 0)
)
;
    }
    right
    {
        type            extrapolatedCalculated;
        value           nonuniform List<vector> 
50
(
(0 9.52035e-07 0)
(0 8.57835e-07 0)
(0 7.63553e-07 0)
(0 6.69327e-07 0)
(0 5.7536e-07 0)
(0 4.81912e-07 0)
(0 3.8928e-07 0)
(0 2.978e-07 0)
(0 2.07847e-07 0)
(0 1.19825e-07 0)
(0 3.41e-08 0)
(0 -4.885e-08 0)
(0 -1.28625e-07 0)
(0 -2.04865e-07 0)
(0 -2.77083e-07 0)
(0 -3.44905e-07 0)
(0 -4.07985e-07 0)
(0 -4.65973e-07 0)
(0 -5.1855e-07 0)
(0 -5.6545e-07 0)
(0 -6.0644e-07 0)
(0 -6.4133e-07 0)
(0 -6.69981e-07 0)
(0 -6.92303e-07 0)
(0 -7.08256e-07 0)
(0 -7.1786e-07 0)
(0 -7.2119e-07 0)
(0 -7.18375e-07 0)
(0 -7.096e-07 0)
(0 -6.95112e-07 0)
(0 -6.75215e-07 0)
(0 -6.50252e-07 0)
(0 -6.206e-07 0)
(0 -5.868e-07 0)
(0 -5.493e-07 0)
(0 -5.0865e-07 0)
(0 -4.65475e-07 0)
(0 -4.20375e-07 0)
(0 -3.74075e-07 0)
(0 -3.2725e-07 0)
(0 -2.80625e-07 0)
(0 -2.35e-07 0)
(0 -1.91125e-07 0)
(0 -1.498e-07 0)
(0 -1.11875e-07 0)
(0 -7.815e-08 0)
(0 -4.9475e-08 0)
(0 -2.67e-08 0)
(0 -1.065e-08 0)
(0 -2.2e-09 0)
)
;
    }
    upper
    {
        type            extrapolatedCalculated;
        value           nonuniform List<vector> 
50
(
(9.52035e-07 0 0)
(8.57836e-07 0 0)
(7.63553e-07 0 0)
(6.69327e-07 0 0)
(5.7536e-07 0 0)
(4.81912e-07 0 0)
(3.8928e-07 0 0)
(2.978e-07 0 0)
(2.07847e-07 0 0)
(1.19825e-07 0 0)
(3.41e-08 0 0)
(-4.885e-08 0 0)
(-1.28625e-07 0 0)
(-2.04865e-07 0 0)
(-2.77082e-07 0 0)
(-3.44905e-07 0 0)
(-4.07985e-07 0 0)
(-4.65973e-07 0 0)
(-5.1855e-07 0 0)
(-5.6545e-07 0 0)
(-6.0644e-07 0 0)
(-6.4133e-07 0 0)
(-6.69981e-07 0 0)
(-6.92303e-07 0 0)
(-7.08256e-07 0 0)
(-7.1786e-07 0 0)
(-7.2119e-07 0 0)
(-7.18375e-07 0 0)
(-7.096e-07 0 0)
(-6.95112e-07 0 0)
(-6.75215e-07 0 0)
(-6.50253e-07 0 0)
(-6.206e-07 0 0)
(-5.868e-07 0 0)
(-5.493e-07 0 0)
(-5.0865e-07 0 0)
(-4.65475e-07 0 0)
(-4.20375e-07 0 0)
(-3.74075e-07 0 0)
(-3.2725e-07 0 0)
(-2.80625e-07 0 0)
(-2.35e-07 0 0)
(-1.91125e-07 0 0)
(-1.498e-07 0 0)
(-1.11875e-07 0 0)
(-7.815e-08 0 0)
(-4.9475e-08 0 0)
(-2.67e-08 0 0)
(-1.065e-08 0 0)
(-2.2e-09 0 0)
)
;
    }
    lower
    {
        type            extrapolatedCalculated;
        value           nonuniform List<vector> 
50
(
(-4.39448e-08 -4.61623e-08 0)
(-3.95112e-08 -1.29617e-07 0)
(-3.50817e-08 -2.04207e-07 0)
(-3.0663e-08 -2.69944e-07 0)
(-2.62648e-08 -3.26859e-07 0)
(-2.18985e-08 -3.75003e-07 0)
(-1.75782e-08 -4.14453e-07 0)
(-1.33195e-08 -4.45316e-07 0)
(-9.13875e-09 -4.67731e-07 0)
(-5.0545e-09 -4.81871e-07 0)
(-1.0855e-09 -4.87949e-07 0)
(2.74975e-09 -4.86213e-07 0)
(6.4315e-09 -4.7695e-07 0)
(9.94075e-09 -4.60487e-07 0)
(1.32595e-08 -4.37187e-07 0)
(1.637e-08 -4.07449e-07 0)
(1.92553e-08 -3.71707e-07 0)
(2.18998e-08 -3.30428e-07 0)
(2.42903e-08 -2.84108e-07 0)
(2.64145e-08 -2.33267e-07 0)
(2.8262e-08 -1.7845e-07 0)
(2.98251e-08 -1.20219e-07 0)
(3.10976e-08 -5.91495e-08 0)
(3.20758e-08 4.17139e-09 0)
(3.27592e-08 6.91538e-08 0)
(3.31485e-08 1.35208e-07 0)
(3.32482e-08 2.01748e-07 0)
(3.3065e-08 2.68201e-07 0)
(3.2608e-08 3.34008e-07 0)
(3.18893e-08 3.98633e-07 0)
(3.09227e-08 4.61565e-07 0)
(2.97255e-08 5.22324e-07 0)
(2.83175e-08 5.80467e-07 0)
(2.672e-08 6.35594e-07 0)
(2.49565e-08 6.87347e-07 0)
(2.3054e-08 7.3542e-07 0)
(2.10402e-08 7.79563e-07 0)
(1.89445e-08 8.19581e-07 0)
(1.67987e-08 8.55341e-07 0)
(1.4636e-08 8.86776e-07 0)
(1.24905e-08 9.13885e-07 0)
(1.03975e-08 9.36738e-07 0)
(8.39375e-09 9.55475e-07 0)
(6.5165e-09 9.70313e-07 0)
(4.80325e-09 9.81541e-07 0)
(3.29325e-09 9.89526e-07 0)
(2.0245e-09 9.94714e-07 0)
(1.0365e-09 9.97624e-07 0)
(3.685e-10 9.9886e-07 0)
(5.95e-11 9.99098e-07 0)
)
;
    }
    sides
    {
        type            empty;
    }
}


// ************************************************************************* //
