-0.25043
-0.297437
-0.489875
-0.756575
-1.1056
-1.51815
-1.9689
-2.43498
-2.89861
-3.34688
-3.77054
-4.16296
-4.51917
-4.83534
-5.10841
-5.33589
-5.51579
-5.64655
-5.72706
-5.75664
-5.73507
-5.66256
-5.53976
-5.36777
-5.14813
-4.88279
-4.57411
-4.22482
-3.83803
-3.41718
-2.96599
-2.48848
-1.98888
-1.47162
-0.941303
-0.402631
0.139615
0.680621
1.21559
1.73976
2.2485
2.73727
3.20175
3.63781
4.04158
4.40948
4.73824
5.02494
5.27344
5.45209
-0.297437
-0.113396
-0.108776
-0.0342226
0.0282311
0.0359532
-0.0208652
-0.133786
-0.28769
-0.467348
-0.660182
-0.856815
-1.05064
-1.23712
-1.41311
-1.57635
-1.72514
-1.85813
-1.97421
-2.07243
-2.15201
-2.21232
-2.25287
-2.27335
-2.2736
-2.25364
-2.21365
-2.154
-2.07522
-1.97802
-1.86326
-1.73196
-1.58529
-1.42454
-1.25115
-1.06665
-0.872685
-0.670973
-0.463307
-0.251527
-0.0375157
0.176829
0.389604
0.598921
0.802922
0.999796
1.1878
1.36525
1.54954
1.64793
-0.489875
-0.108776
-0.220576
-0.205305
-0.119388
-0.0280949
0.0242123
0.0186209
-0.0449868
-0.156589
-0.302719
-0.470402
-0.648889
-0.83002
-1.00792
-1.17848
-1.3388
-1.48684
-1.62104
-1.74022
-1.84339
-1.92977
-1.99869
-2.04963
-2.08221
-2.0962
-2.09151
-2.0682
-2.02651
-1.9668
-1.88963
-1.79568
-1.68578
-1.56092
-1.4222
-1.27086
-1.10823
-0.935768
-0.755
-0.56753
-0.375023
-0.179187
0.0182401
0.215505
0.410857
0.602562
0.788919
0.968273
1.17472
1.23812
-0.756575
-0.0342226
-0.205305
-0.278373
-0.242238
-0.137305
-0.0169849
0.0762665
0.118943
0.104597
0.0381543
-0.0698122
-0.207254
-0.363067
-0.528125
-0.695451
-0.859951
-1.01799
-1.16699
-1.30507
-1.43082
-1.54314
-1.64114
-1.72406
-1.7913
-1.84235
-1.87686
-1.89457
-1.89537
-1.87928
-1.84647
-1.79724
-1.73205
-1.65147
-1.55622
-1.44716
-1.32525
-1.19157
-1.04732
-0.893772
-0.732289
-0.564306
-0.391313
-0.214848
-0.036475
0.142221
0.319656
0.494252
0.719065
0.738093
-1.1056
0.0282311
-0.119388
-0.242238
-0.275488
-0.211297
-0.0810344
0.0703495
0.20322
0.29193
0.32559
0.304695
0.236637
0.131807
0.000901784
-0.146559
-0.302829
-0.461957
-0.619542
-0.77238
-0.918134
-1.05506
-1.18181
-1.29729
-1.40058
-1.4909
-1.56757
-1.63003
-1.67779
-1.71051
-1.72793
-1.72995
-1.71656
-1.68791
-1.64425
-1.58598
-1.51363
-1.42784
-1.32937
-1.2191
-1.098
-0.967162
-0.827737
-0.680963
-0.528146
-0.37064
-0.209845
-0.0471863
0.189961
0.15755
-1.51815
0.0359532
-0.0280949
-0.137305
-0.211297
-0.202167
-0.104493
0.0559971
0.240538
0.412358
0.544998
0.624511
0.647752
0.619056
0.546827
0.440862
0.310608
0.164253
0.00842342
-0.151755
-0.31242
-0.470679
-0.62434
-0.77169
-0.911335
-1.04209
-1.1629
-1.27285
-1.37106
-1.45679
-1.52935
-1.58818
-1.63279
-1.66283
-1.67805
-1.67835
-1.66372
-1.63431
-1.59039
-1.53234
-1.46068
-1.37606
-1.27922
-1.17103
-1.05244
-0.924515
-0.788379
-0.645245
-0.403508
-0.493414
-1.9689
-0.0208652
0.0242123
-0.0169849
-0.0810344
-0.104493
-0.05047
0.0845973
0.278729
0.4978
0.707657
0.881759
1.00408
1.06856
1.07678
1.03508
0.952085
0.836827
0.697655
0.541691
0.374701
0.201212
0.0247338
-0.151999
-0.326805
-0.497875
-0.66365
-0.822728
-0.973819
-1.11571
-1.24728
-1.36745
-1.47525
-1.56978
-1.65026
-1.71601
-1.76646
-1.80121
-1.81993
-1.82249
-1.80886
-1.77916
-1.73367
-1.67279
-1.59706
-1.50715
-1.40386
-1.28811
-1.0508
-1.20381
-2.43498
-0.133786
0.0186209
0.0762665
0.0703495
0.0559971
0.0845973
0.1853
0.360171
0.589828
0.8437
1.08995
1.30234
1.46347
1.56498
1.60605
1.59105
1.52728
1.42317
1.287
1.12623
0.947168
0.754999
0.553883
0.347175
0.137622
-0.0724498
-0.281002
-0.486179
-0.686248
-0.879555
-1.06451
-1.23961
-1.40338
-1.55446
-1.69157
-1.81355
-1.91934
-2.00805
-2.07888
-2.13124
-2.16466
-2.17886
-2.17371
-2.14925
-2.10572
-2.0435
-1.96314
-1.74017
-1.96162
-2.89861
-0.28769
-0.0449868
0.118943
0.20322
0.240538
0.278729
0.360171
0.508269
0.723837
0.989348
1.27701
1.55701
1.80363
1.99858
2.13173
2.20021
2.20656
2.15679
2.05856
1.91997
1.74866
1.55142
1.33406
1.1014
0.857481
0.605705
0.349006
0.0900007
-0.168904
-0.42544
-0.677429
-0.922757
-1.15938
-1.3853
-1.59862
-1.79752
-1.9803
-2.14538
-2.29134
-2.4169
-2.52096
-2.60263
-2.66117
-2.69608
-2.70705
-2.69399
-2.65701
-2.45892
-2.75389
-3.34688
-0.467348
-0.156589
0.104597
0.29193
0.412358
0.4978
0.589828
0.723837
0.918788
1.17443
1.47459
1.7937
2.1037
2.37952
2.60233
2.76066
2.84994
2.8711
2.82886
2.73013
2.58269
2.39431
2.17216
1.92265
1.6513
1.36286
1.06146
0.750729
0.433952
0.114174
-0.205715
-0.52293
-0.834761
-1.13857
-1.43177
-1.71188
-1.9765
-2.22336
-2.45032
-2.65542
-2.83687
-2.99308
-3.12268
-3.22454
-3.29775
-3.34169
-3.35595
-3.19364
-3.56687
-3.77054
-0.660182
-0.302719
0.0381543
0.32559
0.544998
0.707657
0.8437
0.989348
1.17443
1.41436
1.70796
2.04009
2.38699
2.72214
3.02118
3.26502
3.44118
3.54372
3.57217
3.53008
3.42361
3.2602
3.04765
2.79351
2.50474
2.18755
1.84747
1.48938
1.1177
0.736441
0.349384
-0.0398887
-0.427916
-0.811328
-1.18683
-1.55122
-1.90137
-2.23428
-2.54708
-2.83707
-3.10172
-3.33873
-3.54602
-3.72179
-3.86448
-3.97284
-4.04592
-3.93039
-4.38616
-4.16296
-0.856815
-0.470402
-0.0698122
0.304695
0.624511
0.881759
1.08995
1.27701
1.47459
1.70796
1.98966
2.31772
2.67779
3.0476
3.40202
3.71743
3.9747
4.16064
4.26821
4.29575
4.24582
4.12384
3.93691
3.69287
3.39957
3.06452
2.69463
2.29621
1.87497
1.43614
0.984565
0.524792
0.0611732
-0.402092
-0.860921
-1.31133
-1.74943
-2.17145
-2.57377
-2.9529
-3.30556
-3.62868
-3.91945
-4.17533
-4.39407
-4.57376
-4.71281
-4.65498
-5.197
-4.51917
-1.05064
-0.648889
-0.207254
0.236637
0.647752
1.00408
1.30234
1.55701
1.7937
2.04009
2.31772
2.63673
2.99446
3.37721
3.764
4.13094
4.45518
4.7177
4.90487
5.0088
5.02688
4.96077
4.81528
4.59721
4.31438
3.97496
3.58699
3.15807
2.69531
2.20528
1.69407
1.16739
0.630623
0.0889459
-0.452662
-0.989363
-1.51645
-2.02933
-2.52358
-2.99492
-3.43927
-3.85277
-4.23184
-4.57316
-4.87376
-5.131
-5.34262
-5.35313
-5.98443
-4.83534
-1.23712
-0.83002
-0.363067
0.131807
0.619056
1.06856
1.46347
1.80363
2.1037
2.38699
2.67779
2.99446
3.34519
3.72671
4.12588
4.52283
4.89484
5.21985
5.4791
5.6587
5.75016
5.75011
5.6595
5.4826
5.22594
4.89737
4.50536
4.05844
3.56494
3.03276
2.46932
1.88164
1.27631
0.659608
0.0375453
-0.584076
-1.19964
-1.80368
-2.39092
-2.95624
-3.49474
-4.00174
-4.47286
-4.90398
-5.29134
-5.63158
-5.9217
-6.01068
-6.73349
-5.10841
-1.41311
-1.00792
-0.528125
0.000901784
0.546827
1.07678
1.56498
1.99858
2.37952
2.72214
3.0476
3.37721
3.72671
4.1026
4.50114
4.90967
5.30934
5.67852
5.99596
6.24328
6.40652
6.47679
6.45015
6.32701
6.11118
5.80899
5.42833
4.97797
4.46696
3.90431
3.29871
2.65849
1.99155
1.30541
0.607241
-0.0960633
-0.797871
-1.49177
-2.17155
-2.83121
-3.465
-4.06738
-4.63312
-5.1573
-5.63536
-6.06313
-6.43688
-6.61382
-7.42947
-5.33589
-1.57635
-1.17848
-0.695451
-0.146559
0.440862
1.03508
1.60605
2.13173
2.60233
3.02118
3.40202
3.764
4.12588
4.50114
4.89488
5.30301
5.71331
6.10788
6.46613
6.76764
6.99451
7.13287
7.17362
7.11242
6.94926
6.68764
6.33372
5.89549
5.38201
4.80283
4.16763
3.4859
2.76684
2.01926
1.2516
0.471936
-0.311959
-1.09262
-1.86283
-2.61566
-3.34442
-4.04268
-4.70436
-5.32369
-5.89526
-6.41411
-6.87571
-7.14922
-8.0581
-5.51579
-1.72514
-1.3388
-0.859951
-0.302829
0.310608
0.952085
1.59105
2.20021
2.76066
3.26502
3.71743
4.13094
4.52283
4.90967
5.30301
5.70682
6.11672
6.52094
6.90248
7.24175
7.51921
7.7175
7.82299
7.82653
7.72354
7.51371
7.20034
6.7895
6.28928
5.70904
5.05884
4.34901
3.58981
2.79129
1.96316
1.11476
0.255079
-0.607264
-1.46397
-2.30707
-3.12888
-3.92207
-4.67961
-5.39486
-6.06157
-6.67392
-7.22658
-7.60429
-8.60574
-5.64655
-1.85813
-1.48684
-1.01799
-0.461957
0.164253
0.836827
1.52728
2.20656
2.84994
3.44118
3.9747
4.45518
4.89484
5.30934
5.71331
6.11672
6.52257
6.92629
7.3166
7.67735
7.98994
8.23571
8.39795
8.46337
8.42288
8.27183
8.00976
7.6398
7.16801
6.60262
5.95331
5.2306
4.44545
3.60888
2.73175
1.82463
0.897763
-0.0390189
-0.976247
-1.90483
-2.81605
-3.70155
-4.55337
-5.36393
-6.12609
-6.83316
-7.47897
-7.96731
-9.05959
-5.72706
-1.97421
-1.62104
-1.16699
-0.619542
0.00842342
0.697655
1.42317
2.15679
2.8711
3.54372
4.16064
4.7177
5.21985
5.67852
6.10788
6.52094
6.92629
7.32619
7.71597
8.08482
8.41746
8.69627
8.90347
9.02306
9.0422
8.95198
8.74779
8.4291
7.999
7.46358
6.83122
6.1119
5.31661
4.45692
3.54452
2.59108
1.60799
0.60631
-0.403282
-1.41053
-2.40558
-3.37902
-4.32187
-5.22557
-6.08206
-6.88374
-7.62358
-8.22767
-9.40784
-5.75664
-2.07243
-1.74022
-1.30507
-0.77238
-0.151755
0.541691
1.287
2.05856
2.82886
3.57217
4.26821
4.90487
5.4791
5.99596
6.46613
6.90248
7.3166
7.71597
8.10224
8.47075
8.81118
9.10909
9.34783
9.51056
9.582
9.54983
9.40546
9.14437
8.76608
8.2737
7.67338
6.97368
6.18487
5.3184
4.38635
3.4011
2.37503
1.32031
0.248776
-0.82812
-1.89937
-2.95444
-3.98327
-4.97628
-5.92441
-6.81915
-7.65254
-8.37598
-9.63993
-5.73507
-2.15201
-1.84339
-1.43082
-0.918134
-0.31242
0.374701
1.12623
1.91997
2.73013
3.53008
4.29575
5.0088
5.6587
6.24328
6.76764
7.24175
7.67735
8.08482
8.47075
8.83631
9.1769
9.48276
9.74026
9.93371
10.0472
10.0663
9.97912
9.77756
9.45727
9.01787
8.46254
7.79754
7.03159
6.17525
5.24037
4.23954
3.18574
2.092
0.971193
-0.164115
-1.30177
-2.43009
-3.5379
-4.61455
-5.64996
-6.63462
-7.55963
-8.40438
-9.74669
-5.66256
-2.21232
-1.92977
-1.54314
-1.05506
-0.470679
0.201212
0.947168
1.74866
2.58269
3.42361
4.24582
5.02688
5.75016
6.40652
6.99451
7.51921
7.98994
8.41746
8.81118
9.1769
9.51548
9.82246
10.0886
10.3011
10.4453
10.5062
10.47
10.3257
10.0654
9.6851
9.18458
8.56713
7.83912
7.00943
6.08891
5.08974
4.02496
2.90808
1.75273
0.572417
-0.619665
-1.81072
-2.98847
-4.14116
-5.25763
-6.32737
-7.34047
-8.30665
-9.72059
-5.53976
-2.25287
-1.99869
-1.64114
-1.18181
-0.62434
0.0247338
0.754999
1.55142
2.39431
3.2602
4.12384
4.96077
5.75011
6.47679
7.13287
7.7175
8.23571
8.69627
9.10909
9.48276
9.82246
10.1288
10.3976
10.6202
10.7845
10.8768
10.883
10.7902
10.588
10.2689
9.82939
9.26926
8.59197
7.80402
6.91447
5.93437
4.8762
3.75341
2.57995
1.36997
0.13751
-1.10366
-2.34019
-3.55928
-4.74868
-5.89682
-6.99277
-8.0785
-9.55592
-5.36777
-2.27335
-2.04963
-1.72406
-1.29729
-0.77169
-0.151999
0.553883
1.33406
2.17216
3.04765
3.93691
4.81528
5.6595
6.45015
7.17362
7.82299
8.39795
8.90347
9.34783
9.74026
10.0886
10.3976
10.6678
10.8951
11.0715
11.1857
11.225
11.176
11.0268
10.7675
10.3912
9.89463
9.2778
8.54432
7.70081
6.75646
5.72249
4.61165
3.43767
2.21492
0.957951
-0.318724
-1.60086
-2.87465
-4.12683
-5.34476
-6.51648
-7.71773
-9.24902
-5.14813
-2.2736
-2.08221
-1.7913
-1.40058
-0.911335
-0.326805
0.347175
1.1014
1.92265
2.79351
3.69287
4.59721
5.4826
6.32701
7.11242
7.82653
8.46337
9.02306
9.51056
9.93371
10.3011
10.6202
10.8951
11.1265
11.3105
11.4396
11.5034
11.4898
11.3867
11.1827
10.8687
10.4381
9.888
9.21872
8.43394
7.54037
6.54731
5.46611
4.30969
3.09205
1.82783
0.531943
-0.780737
-2.09558
-3.39838
-4.67553
-5.91404
-7.22447
-8.79849
-4.88279
-2.25364
-2.0962
-1.84235
-1.4909
-1.04209
-0.497875
0.137622
0.857481
1.6513
2.50474
3.39957
4.31438
5.22594
6.11118
6.94926
7.72354
8.42288
9.0422
9.582
10.0472
10.4453
10.7845
11.0715
11.3105
11.5018
11.642
11.7242
11.7387
11.6742
11.5194
11.2638
10.8986
10.418
9.81924
9.10288
8.27273
7.33554
6.30067
5.17955
3.98523
2.73185
1.43428
0.107676
-1.23279
-2.57219
-3.89603
-5.19041
-6.60132
-8.20541
-4.57411
-2.21365
-2.09151
-1.87686
-1.56757
-1.1629
-0.66365
-0.0724498
0.605705
1.36286
2.18755
3.06452
3.97496
4.89737
5.80899
6.68764
7.51371
8.27183
8.95198
9.54983
10.0663
10.5062
10.8768
11.1857
11.4396
11.642
11.7937
11.8913
11.9284
11.896
11.7839
11.5812
11.2782
10.8669
10.3417
9.70018
8.9431
8.07433
7.10067
6.03146
4.87817
3.65388
2.37284
1.05003
-0.299204
-1.65951
-3.01573
-4.35317
-5.85344
-7.47341
-4.22482
-2.154
-2.0682
-1.89457
-1.63003
-1.27285
-0.822728
-0.281002
0.349006
1.06146
1.84747
2.69463
3.58699
4.50536
5.42833
6.33372
7.20034
8.00976
8.74779
9.40546
9.97912
10.47
10.883
11.225
11.5034
11.7242
11.8913
12.0049
12.0624
12.0577
11.9825
11.8272
11.5817
11.237
10.7854
10.222
9.54445
8.7537
7.85366
6.85109
5.75532
4.57775
3.33146
2.0307
0.690505
-0.673699
-2.04643
-3.4124
-4.98858
-6.60882
-3.83803
-2.07522
-2.02651
-1.89537
-1.67779
-1.37106
-0.973819
-0.486179
0.0900007
0.750729
1.48938
2.29621
3.15807
4.05844
4.97797
5.89549
6.7895
7.6398
8.4291
9.14437
9.77756
10.3257
10.7902
11.176
11.4898
11.7387
11.9284
12.0624
12.1414
12.1626
12.1206
12.0077
11.8148
11.5326
11.1526
10.6677
10.0731
9.36689
8.54999
7.62633
6.60262
5.48808
4.29402
3.03341
1.72046
0.370186
-1.00198
-2.38052
-4.01695
-5.62067
-3.41718
-1.97802
-1.9668
-1.87928
-1.71051
-1.45679
-1.11571
-0.686248
-0.168904
0.433952
1.1177
1.87497
2.69531
3.56494
4.46696
5.38201
6.28928
7.16801
7.999
8.76608
9.45727
10.0654
10.588
11.0268
11.3867
11.6742
11.896
12.0577
12.1626
12.2113
12.2014
12.1278
11.9833
11.7595
11.4475
11.0394
10.5285
9.91035
9.1831
8.34774
7.40816
6.37096
5.24519
4.04201
2.77425
1.45598
0.10214
-1.2719
-2.95105
-4.5205
-2.96599
-1.86326
-1.88963
-1.84647
-1.72793
-1.52935
-1.24728
-0.879555
-0.42544
0.114174
0.736441
1.43614
2.20528
3.03276
3.90431
4.80283
5.70904
6.60262
7.46358
8.2737
9.01787
9.6851
10.2689
10.7675
11.1827
11.5194
11.7839
11.9825
12.1206
12.2014
12.2254
12.1906
12.092
11.9229
11.6754
11.3412
10.9126
10.3835
9.74946
9.00885
8.16263
7.21458
6.17114
5.04117
3.8356
2.56706
1.24944
-0.102461
-1.80526
-3.3222
-2.48848
-1.73196
-1.79568
-1.79724
-1.72995
-1.58818
-1.36745
-1.06451
-0.677429
-0.205715
0.349384
0.984565
1.69407
2.46932
3.29871
4.16763
5.05884
5.95331
6.83122
7.67338
8.46254
9.18458
9.82939
10.3912
10.8687
11.2638
11.5812
11.8272
12.0077
12.1278
12.1906
12.1965
12.1436
12.0273
11.8412
11.5777
11.2291
10.7879
10.2483
9.60604
8.85953
8.00968
7.0601
6.01704
4.88911
3.68698
2.42303
1.11093
-0.595457
-2.04162
-1.98888
-1.58529
-1.68578
-1.73205
-1.71656
-1.63279
-1.47525
-1.23961
-0.922757
-0.52293
-0.0398887
0.524792
1.16739
1.88164
2.65849
3.4859
4.34901
5.2306
6.1119
6.97368
7.79754
8.56713
9.26926
9.89463
10.4381
10.8986
11.2782
11.5817
11.8148
11.9833
12.092
12.1436
12.1387
12.0753
11.949
11.7537
11.4822
11.127
10.6809
10.1383
9.4951
8.74963
7.90272
6.95779
5.92085
4.8002
3.60625
2.35107
0.66161
-0.696107
-1.47162
-1.42454
-1.56092
-1.65147
-1.68791
-1.66283
-1.56978
-1.40338
-1.15938
-0.834761
-0.427916
0.0611732
0.630623
1.27631
1.99155
2.76684
3.58981
4.44545
5.31661
6.18487
7.03159
7.83912
8.59197
9.2778
9.888
10.418
10.8669
11.237
11.5326
11.7595
11.9229
12.0273
12.0753
12.0673
12.0012
11.8728
11.6762
11.4044
11.0501
10.6065
10.0679
9.43041
8.69218
7.85391
6.91883
5.89264
4.78335
3.60104
1.94887
0.696076
-0.941303
-1.25115
-1.4222
-1.55622
-1.64425
-1.67805
-1.65026
-1.55446
-1.3853
-1.13857
-0.811328
-0.402092
0.0889459
0.659608
1.30541
2.01926
2.79129
3.60888
4.45692
5.3184
6.17525
7.00943
7.80402
8.54432
9.21872
9.81924
10.3417
10.7854
11.1526
11.4475
11.6754
11.8412
11.949
12.0012
11.9979
11.9369
11.8142
11.6239
11.3593
11.013
10.5786
10.0503
9.42413
8.69831
7.87331
6.95208
5.94003
4.84485
3.24959
2.11633
-0.402631
-1.06665
-1.27086
-1.44716
-1.58598
-1.67835
-1.71601
-1.69157
-1.59862
-1.43177
-1.18683
-0.860921
-0.452662
0.0375453
0.607241
1.2516
1.96316
2.73175
3.54452
4.38635
5.24037
6.08891
6.91447
7.70081
8.43394
9.10288
9.70018
10.222
10.6677
11.0394
11.3412
11.5777
11.7537
11.8728
11.9369
11.946
11.8979
11.7882
11.6114
11.3605
11.0287
10.6091
10.0963
9.48627
8.7769
7.96852
7.06384
6.06793
4.54788
3.54637
0.139615
-0.872685
-1.10823
-1.32525
-1.51363
-1.66372
-1.76646
-1.81355
-1.79752
-1.71188
-1.55122
-1.31133
-0.989363
-0.584076
-0.0960633
0.471936
1.11476
1.82463
2.59108
3.4011
4.23954
5.08974
5.93437
6.75646
7.54037
8.27273
8.9431
9.54445
10.0731
10.5285
10.9126
11.2291
11.4822
11.6762
11.8142
11.8979
11.9268
11.8984
11.8086
11.6515
11.4203
11.1081
10.7082
10.215
9.6244
8.93417
8.14441
7.25754
5.82926
4.96877
0.680621
-0.670973
-0.935768
-1.19157
-1.42784
-1.63431
-1.80121
-1.91934
-1.9803
-1.9765
-1.90137
-1.74943
-1.51645
-1.19964
-0.797871
-0.311959
0.255079
0.897763
1.60799
2.37503
3.18574
4.02496
4.8762
5.72249
6.54731
7.33554
8.07433
8.7537
9.36689
9.91035
10.3835
10.7879
11.127
11.4044
11.6239
11.7882
11.8984
11.9538
11.9516
11.8874
11.7553
11.5486
11.2602
10.8834
10.4125
9.84336
9.17356
8.40295
7.08095
6.36752
1.21559
-0.463307
-0.755
-1.04732
-1.32937
-1.59039
-1.81993
-2.00805
-2.14538
-2.22336
-2.23428
-2.17145
-2.02933
-1.80368
-1.49177
-1.09262
-0.607264
-0.0390189
0.60631
1.32031
2.092
2.90808
3.75341
4.61165
5.46611
6.30067
7.10067
7.85366
8.54999
9.1831
9.74946
10.2483
10.6809
11.0501
11.3593
11.6114
11.8086
11.9516
12.0392
12.0684
12.0346
11.9317
11.7529
11.491
11.1394
10.6922
10.1451
9.49553
8.29208
7.72835
1.73976
-0.251527
-0.56753
-0.893772
-1.2191
-1.53234
-1.82249
-2.07888
-2.29134
-2.45032
-2.54708
-2.57377
-2.52358
-2.39092
-2.17155
-1.86283
-1.46397
-0.976247
-0.403282
0.248776
0.971193
1.75273
2.57995
3.43767
4.30969
5.17955
6.03146
6.85109
7.62633
8.34774
9.00885
9.60604
10.1383
10.6065
11.013
11.3605
11.6515
11.8874
12.0684
12.193
12.2577
12.2578
12.1869
12.038
11.8041
11.4783
11.0546
10.5286
9.45375
9.03898
2.2485
-0.0375157
-0.375023
-0.732289
-1.098
-1.46068
-1.80886
-2.13124
-2.4169
-2.65542
-2.83707
-2.9529
-2.99492
-2.95624
-2.83121
-2.61566
-2.30707
-1.90483
-1.41053
-0.82812
-0.164115
0.572417
1.36997
2.21492
3.09205
3.98523
4.87817
5.75532
6.60262
7.40816
8.16263
8.85953
9.4951
10.0679
10.5786
11.0287
11.4203
11.7553
12.0346
12.2577
12.4227
12.5258
12.5617
12.5242
12.406
12.1999
11.8989
11.4971
10.5588
10.2892
2.73727
0.176829
-0.179187
-0.564306
-0.967162
-1.37606
-1.77916
-2.16466
-2.52096
-2.83687
-3.10172
-3.30556
-3.43927
-3.49474
-3.465
-3.34442
-3.12888
-2.81605
-2.40558
-1.89937
-1.30177
-0.619665
0.13751
0.957951
1.82783
2.73185
3.65388
4.57775
5.48808
6.37096
7.21458
8.00968
8.74963
9.43041
10.0503
10.6091
11.1081
11.5486
11.9317
12.2578
12.5258
12.7332
12.8759
12.9484
12.944
12.8556
12.6757
12.3974
11.6017
11.4707
3.20175
0.389604
0.0182401
-0.391313
-0.827737
-1.27922
-1.73367
-2.17886
-2.60263
-2.99308
-3.33873
-3.62868
-3.85277
-4.00174
-4.06738
-4.04268
-3.92207
-3.70155
-3.37902
-2.95444
-2.43009
-1.81072
-1.10366
-0.318724
0.531943
1.43428
2.37284
3.33146
4.29402
5.24519
6.17114
7.0601
7.90272
8.69218
9.42413
10.0963
10.7082
11.2602
11.7529
12.1869
12.5617
12.8759
13.1263
13.3085
13.4166
13.444
13.383
13.2263
12.578
12.5771
3.63781
0.598921
0.215505
-0.214848
-0.680963
-1.17103
-1.67279
-2.17371
-2.66117
-3.12268
-3.54602
-3.91945
-4.23184
-4.47286
-4.63312
-4.70436
-4.67961
-4.55337
-4.32187
-3.98327
-3.5379
-2.98847
-2.34019
-1.60086
-0.780737
0.107676
1.05003
2.0307
3.03341
4.04201
5.04117
6.01704
6.95779
7.85391
8.69831
9.48627
10.215
10.8834
11.491
12.038
12.5242
12.9484
13.3085
13.601
13.8211
13.9626
14.0185
13.9814
13.484
13.603
4.04158
0.802922
0.410857
-0.036475
-0.528146
-1.05244
-1.59706
-2.14925
-2.69608
-3.22454
-3.72179
-4.17533
-4.57316
-4.90398
-5.1573
-5.32369
-5.39486
-5.36393
-5.22557
-4.97628
-4.61455
-4.14116
-3.55928
-2.87465
-2.09558
-1.23279
-0.299204
0.690505
1.72046
2.77425
3.8356
4.88911
5.92085
6.91883
7.87331
8.7769
9.6244
10.4125
11.1394
11.8041
12.406
12.944
13.4166
13.8211
14.1534
14.4083
14.5794
14.6597
14.316
14.5444
4.40948
0.999796
0.602562
0.142221
-0.37064
-0.924515
-1.50715
-2.10572
-2.70705
-3.29775
-3.86448
-4.39407
-4.87376
-5.29134
-5.63536
-5.89526
-6.06157
-6.12609
-6.08206
-5.92441
-5.64996
-5.25763
-4.74868
-4.12683
-3.39838
-2.57219
-1.65951
-0.673699
0.370186
1.45598
2.56706
3.68698
4.8002
5.89264
6.95208
7.96852
8.93417
9.84336
10.6922
11.4783
12.1999
12.8556
13.444
13.9626
14.4083
14.7766
15.0619
15.2578
15.0705
15.3975
4.73824
1.1878
0.788919
0.319656
-0.209845
-0.788379
-1.40386
-2.0435
-2.69399
-3.34169
-3.97284
-4.57376
-5.131
-5.63158
-6.06313
-6.41411
-6.67392
-6.83316
-6.88374
-6.81915
-6.63462
-6.32737
-5.89682
-5.34476
-4.67553
-3.89603
-3.01573
-2.04643
-1.00198
0.10214
1.24944
2.42303
3.60625
4.78335
5.94003
7.06384
8.14441
9.17356
10.1451
11.0546
11.8989
12.6757
13.383
14.0185
14.5794
15.0619
15.4613
15.7716
15.7431
16.1589
5.02494
1.36525
0.968273
0.494252
-0.0471863
-0.645245
-1.28811
-1.96314
-2.65701
-3.35595
-4.04592
-4.71281
-5.34262
-5.9217
-6.43688
-6.87571
-7.22658
-7.47897
-7.62358
-7.65254
-7.55963
-7.34047
-6.99277
-6.51648
-5.91404
-5.19041
-4.35317
-3.4124
-2.38052
-1.2719
-0.102461
1.11093
2.35107
3.60104
4.84485
6.06793
7.25754
8.40295
9.49553
10.5286
11.4971
12.3974
13.2263
13.9814
14.6597
15.2578
15.7716
16.1959
16.3288
16.8248
5.27344
1.54954
1.17472
0.719065
0.189961
-0.403508
-1.0508
-1.74017
-2.45892
-3.19364
-3.93039
-4.65498
-5.35313
-6.01068
-6.61382
-7.14922
-7.60429
-7.96731
-8.22767
-8.37598
-8.40438
-8.30665
-8.0785
-7.71773
-7.22447
-6.60132
-5.85344
-4.98858
-4.01695
-2.95105
-1.80526
-0.595457
0.66161
1.94887
3.24959
4.54788
5.82926
7.08095
8.29208
9.45375
10.5588
11.6017
12.578
13.484
14.316
15.0705
15.7431
16.3288
16.676
17.2982
5.45209
1.64793
1.23812
0.738093
0.15755
-0.493414
-1.20381
-1.96162
-2.75389
-3.56687
-4.38616
-5.197
-5.98443
-6.73349
-7.42947
-8.0581
-8.60574
-9.05959
-9.40784
-9.63993
-9.74669
-9.72059
-9.55592
-9.24902
-8.79849
-8.20541
-7.47341
-6.60882
-5.62067
-4.5205
-3.3222
-2.04162
-0.696107
0.696076
2.11633
3.54637
4.96877
6.36752
7.72835
9.03898
10.2892
11.4707
12.5771
13.603
14.5444
15.3975
16.1589
16.8248
17.2982
17.8672
