/*--------------------------------*- C++ -*----------------------------------*\
| =========                 |                                                 |
| \\      /  F ield         | OpenFOAM: The Open Source CFD Toolbox           |
|  \\    /   O peration     | Version:  2112                                  |
|   \\  /    A nd           | Website:  www.openfoam.com                      |
|    \\/     M anipulation  |                                                 |
\*---------------------------------------------------------------------------*/
FoamFile
{
    version     2.0;
    format      ascii;
    arch        "LSB;label=64;scalar=64";
    class       volVectorField;
    location    "0.1";
    object      grad(T);
}
// * * * * * * * * * * * * * * * * * * * * * * * * * * * * * * * * * * * * * //

dimensions      [0 -1 0 1 0 0 0];

internalField   nonuniform List<vector> 
2500
(
(-0.135673 -0.135673 0)
(-0.191451 -0.618748 0)
(-0.16103 -1.03358 0)
(-0.144695 -1.44813 0)
(-0.126375 -1.84634 0)
(-0.109607 -2.22028 0)
(-0.0948825 -2.56632 0)
(-0.08174 -2.88271 0)
(-0.069585 -3.16832 0)
(-0.05794 -3.42217 0)
(-0.0464875 -3.64319 0)
(-0.0350575 -3.83028 0)
(-0.0235725 -3.98237 0)
(-0.012025 -4.09845 0)
(-0.0004625 -4.17779 0)
(0.011055 -4.21984 0)
(0.0224475 -4.22426 0)
(0.033625 -4.19112 0)
(0.044495 -4.12074 0)
(0.054965 -4.01375 0)
(0.064945 -3.87113 0)
(0.0743475 -3.69413 0)
(0.0830875 -3.48433 0)
(0.09109 -3.24359 0)
(0.0982875 -2.97409 0)
(0.10461 -2.67816 0)
(0.110001 -2.35847 0)
(0.114418 -2.01785 0)
(0.11782 -1.65932 0)
(0.120176 -1.28606 0)
(0.121465 -0.901379 0)
(0.121676 -0.508704 0)
(0.120806 -0.11151 0)
(0.118865 0.286672 0)
(0.115867 0.682309 0)
(0.111844 1.07189 0)
(0.106825 1.45196 0)
(0.10086 1.81914 0)
(0.094 2.17017 0)
(0.0863025 2.50194 0)
(0.07784 2.81151 0)
(0.0686875 3.0961 0)
(0.0589275 3.35325 0)
(0.0486425 3.5806 0)
(0.037925 3.77619 0)
(0.02687 3.93825 0)
(0.0155775 4.06536 0)
(0.00415 4.15638 0)
(-0.0021925 4.21051 0)
(-0.0014 4.24504 0)
(-0.618748 -0.191451 0)
(-0.706454 -0.706455 0)
(-0.668355 -1.14408 0)
(-0.66807 -1.59822 0)
(-0.645775 -2.05846 0)
(-0.61037 -2.51175 0)
(-0.56754 -2.94709 0)
(-0.520263 -3.35642 0)
(-0.469875 -3.73413 0)
(-0.416925 -4.07618 0)
(-0.361625 -4.37969 0)
(-0.304125 -4.64235 0)
(-0.2446 -4.8623 0)
(-0.1834 -5.03803 0)
(-0.120925 -5.16828 0)
(-0.057525 -5.25214 0)
(0.006275 -5.28906 0)
(0.0699 -5.27881 0)
(0.132875 -5.22159 0)
(0.19465 -5.11793 0)
(0.254675 -4.9688 0)
(0.31245 -4.77552 0)
(0.36745 -4.53985 0)
(0.41915 -4.26386 0)
(0.46714 -3.95004 0)
(0.511005 -3.60112 0)
(0.550307 -3.22027 0)
(0.584737 -2.8108 0)
(0.613975 -2.37642 0)
(0.637763 -1.92092 0)
(0.655887 -1.44837 0)
(0.668193 -0.962969 0)
(0.67457 -0.469021 0)
(0.674955 0.0290897 0)
(0.66935 0.526944 0)
(0.657808 1.02012 0)
(0.640422 1.50424 0)
(0.617353 1.97501 0)
(0.588805 2.42824 0)
(0.55503 2.85994 0)
(0.516318 3.26624 0)
(0.473057 3.64355 0)
(0.425575 3.98852 0)
(0.3743 4.29807 0)
(0.319725 4.56951 0)
(0.2623 4.80035 0)
(0.20255 4.98861 0)
(0.141 5.13257 0)
(0.09085 5.23099 0)
(0.035925 5.29891 0)
(-1.03358 -0.16103 0)
(-1.14408 -0.668355 0)
(-1.05279 -1.05279 0)
(-1.05907 -1.43232 0)
(-1.03991 -1.81363 0)
(-0.998245 -2.19347 0)
(-0.93955 -2.56434 0)
(-0.868775 -2.91815 0)
(-0.78935 -3.24803 0)
(-0.7035 -3.54865 0)
(-0.61265 -3.81618 0)
(-0.517675 -4.04783 0)
(-0.41925 -4.24165 0)
(-0.318 -4.39622 0)
(-0.214575 -4.51047 0)
(-0.109725 -4.58372 0)
(-0.004225 -4.61565 0)
(0.1011 -4.6061 0)
(0.205375 -4.55535 0)
(0.30775 -4.46395 0)
(0.40735 -4.3328 0)
(0.5033 -4.1631 0)
(0.59475 -3.95638 0)
(0.6809 -3.71453 0)
(0.761025 -3.43965 0)
(0.834375 -3.13427 0)
(0.900325 -2.80105 0)
(0.958275 -2.44295 0)
(1.0077 -2.06317 0)
(1.04822 -1.66507 0)
(1.07941 -1.2522 0)
(1.10103 -0.828205 0)
(1.11286 -0.396861 0)
(1.11483 0.0380037 0)
(1.1069 0.472532 0)
(1.08914 0.902868 0)
(1.06171 1.32519 0)
(1.02486 1.73575 0)
(0.97893 2.13089 0)
(0.9243 2.50714 0)
(0.86145 2.86111 0)
(0.790975 3.18973 0)
(0.71345 3.48998 0)
(0.629625 3.75927 0)
(0.5402 3.9952 0)
(0.445975 4.19567 0)
(0.3478 4.3589 0)
(0.246525 4.48345 0)
(0.16415 4.56817 0)
(0.066525 4.62938 0)
(-1.44813 -0.144695 0)
(-1.59822 -0.66807 0)
(-1.43231 -1.05907 0)
(-1.42891 -1.42891 0)
(-1.40692 -1.78844 0)
(-1.36107 -2.1422 0)
(-1.29223 -2.48867 0)
(-1.20395 -2.8227 0)
(-1.10037 -3.13797 0)
(-0.985075 -3.42855 0)
(-0.8608 -3.68945 0)
(-0.7296 -3.91695 0)
(-0.593 -4.1082 0)
(-0.452225 -4.26135 0)
(-0.308425 -4.3751 0)
(-0.1627 -4.4487 0)
(-0.0161 -4.4817 0)
(0.1302 -4.47412 0)
(0.275025 -4.4262 0)
(0.4172 -4.33857 0)
(0.555525 -4.21215 0)
(0.688875 -4.04812 0)
(0.816025 -3.84805 0)
(0.935875 -3.6137 0)
(1.0474 -3.34722 0)
(1.1496 -3.05103 0)
(1.24163 -2.7277 0)
(1.32263 -2.38017 0)
(1.39185 -2.01148 0)
(1.44873 -1.62496 0)
(1.49276 -1.22397 0)
(1.52353 -0.812147 0)
(1.54078 -0.393105 0)
(1.54435 0.029426 0)
(1.53421 0.451695 0)
(1.51046 0.869957 0)
(1.4733 1.28051 0)
(1.42306 1.67968 0)
(1.3602 2.06395 0)
(1.28525 2.42987 0)
(1.1989 2.77425 0)
(1.10193 3.09402 0)
(0.995125 3.3863 0)
(0.879525 3.64855 0)
(0.756125 3.87837 0)
(0.626 4.07383 0)
(0.490325 4.23308 0)
(0.350275 4.35477 0)
(0.236775 4.4378 0)
(0.097125 4.4982 0)
(-1.84634 -0.126375 0)
(-2.05846 -0.645775 0)
(-1.81363 -1.03991 0)
(-1.78844 -1.40692 0)
(-1.7532 -1.7532 0)
(-1.69847 -2.08543 0)
(-1.62005 -2.40667 0)
(-1.51807 -2.71615 0)
(-1.3952 -3.01018 0)
(-1.25498 -3.28385 0)
(-1.10105 -3.5322 0)
(-0.936425 -3.75083 0)
(-0.76365 -3.93623 0)
(-0.5849 -4.08582 0)
(-0.401925 -4.19783 0)
(-0.216325 -4.27117 0)
(-0.02965 -4.30525 0)
(0.1566 -4.30003 0)
(0.340925 -4.25567 0)
(0.5218 -4.17287 0)
(0.6978 -4.0525 0)
(0.8674 -3.89575 0)
(1.02917 -3.7042 0)
(1.18172 -3.47955 0)
(1.3237 -3.2239 0)
(1.4539 -2.93955 0)
(1.57118 -2.62902 0)
(1.6745 -2.29517 0)
(1.76292 -1.9409 0)
(1.83572 -1.5694 0)
(1.89222 -1.18393 0)
(1.93189 -0.787968 0)
(1.95444 -0.385008 0)
(1.95963 0.0213788 0)
(1.94743 0.427575 0)
(1.91796 0.829978 0)
(1.87144 1.22501 0)
(1.8083 1.60917 0)
(1.72912 1.97905 0)
(1.6346 2.33135 0)
(1.5256 2.663 0)
(1.40302 2.97095 0)
(1.26798 3.25258 0)
(1.1217 3.50532 0)
(0.965475 3.72695 0)
(0.800675 3.9155 0)
(0.62875 4.0693 0)
(0.45125 4.18695 0)
(0.307575 4.2675 0)
(0.126925 4.32583 0)
(-2.22028 -0.109607 0)
(-2.51175 -0.61037 0)
(-2.19347 -0.998245 0)
(-2.1422 -1.36107 0)
(-2.08542 -1.69847 0)
(-2.01455 -2.01455 0)
(-1.92295 -2.31373 0)
(-1.80745 -2.5983 0)
(-1.66807 -2.86778 0)
(-1.5071 -3.11957 0)
(-1.32777 -3.3499 0)
(-1.13363 -3.5546 0)
(-0.928 -3.73003 0)
(-0.713825 -3.87297 0)
(-0.493775 -3.98123 0)
(-0.270125 -4.05315 0)
(-0.04495 -4.08792 0)
(0.179775 -4.08515 0)
(0.402175 -4.04502 0)
(0.620375 -3.968 0)
(0.83265 -3.85497 0)
(1.03718 -3.70715 0)
(1.23222 -3.52593 0)
(1.41618 -3.31312 0)
(1.5874 -3.07065 0)
(1.74447 -2.80075 0)
(1.886 -2.50585 0)
(2.01075 -2.18868 0)
(2.11762 -1.852 0)
(2.2057 -1.49883 0)
(2.27419 -1.13237 0)
(2.32246 -0.75582 0)
(2.35012 -0.372562 0)
(2.35693 0.0140127 0)
(2.34281 0.400468 0)
(2.30789 0.783363 0)
(2.2525 1.1593 0)
(2.1771 1.52498 0)
(2.08237 1.8771 0)
(1.9692 2.21257 0)
(1.8385 2.5284 0)
(1.6915 2.82177 0)
(1.5295 3.0901 0)
(1.3539 3.33103 0)
(1.1663 3.54237 0)
(0.96835 3.72228 0)
(0.761775 3.86912 0)
(0.548475 3.98165 0)
(0.37565 4.05883 0)
(0.15545 4.11415 0)
(-2.56632 -0.0948825 0)
(-2.94709 -0.56754 0)
(-2.56434 -0.93955 0)
(-2.48867 -1.29223 0)
(-2.40667 -1.62005 0)
(-2.31373 -1.92295 0)
(-2.2038 -2.2038 0)
(-2.07213 -2.46575 0)
(-1.91648 -2.71065 0)
(-1.7371 -2.9383 0)
(-1.53607 -3.1468 0)
(-1.31655 -3.3333 0)
(-1.08202 -3.49447 0)
(-0.8361 -3.62725 0)
(-0.5821 -3.72902 0)
(-0.323025 -3.79778 0)
(-0.06165 -3.83223 0)
(0.1995 -3.83167 0)
(0.458075 -3.79602 0)
(0.71185 -3.7256 0)
(0.95865 -3.6211 0)
(1.19645 -3.48367 0)
(1.4232 -3.31465 0)
(1.637 -3.11567 0)
(1.83608 -2.88867 0)
(2.0187 -2.63572 0)
(2.18325 -2.35917 0)
(2.32835 -2.06152 0)
(2.45278 -1.74547 0)
(2.55535 -1.41385 0)
(2.63522 -1.06968 0)
(2.6917 -0.715938 0)
(2.72427 -0.355818 0)
(2.73266 0.00746425 0)
(2.71678 0.37069 0)
(2.67679 0.730625 0)
(2.61305 1.0841 0)
(2.5261 1.42792 0)
(2.41672 1.7591 0)
(2.2859 2.07465 0)
(2.1348 2.3718 0)
(1.96472 2.6479 0)
(1.77722 2.90047 0)
(1.57398 3.12732 0)
(1.35673 3.3264 0)
(1.12742 3.49595 0)
(0.888125 3.63447 0)
(0.64095 3.74077 0)
(0.440075 3.8138 0)
(0.18225 3.86525 0)
(-2.88271 -0.08174 0)
(-3.35642 -0.520262 0)
(-2.91815 -0.868775 0)
(-2.8227 -1.20395 0)
(-2.71615 -1.51807 0)
(-2.5983 -1.80745 0)
(-2.46575 -2.07212 0)
(-2.3143 -2.3143 0)
(-2.14063 -2.53642 0)
(-1.94325 -2.74008 0)
(-1.72277 -2.92525 0)
(-1.4813 -3.09073 0)
(-1.22195 -3.23433 0)
(-0.948375 -3.35355 0)
(-0.6643 -3.44585 0)
(-0.373325 -3.5091 0)
(-0.07885 -3.5417 0)
(0.215975 -3.5426 0)
(0.50825 -3.5113 0)
(0.7953 -3.4479 0)
(1.07457 -3.3529 0)
(1.34363 -3.22717 0)
(1.60022 -3.07198 0)
(1.84215 -2.88878 0)
(2.06735 -2.6794 0)
(2.27397 -2.44578 0)
(2.4602 -2.19012 0)
(2.62445 -1.91475 0)
(2.7653 -1.62223 0)
(2.8815 -1.31518 0)
(2.9721 -0.996325 0)
(3.03631 -0.6686 0)
(3.07353 -0.334865 0)
(3.08344 0.0018565 0)
(3.06597 0.338583 0)
(3.0213 0.672325 0)
(2.9498 1.0001 0)
(2.8521 1.319 0)
(2.7291 1.6262 0)
(2.5819 1.91897 0)
(2.41175 2.1947 0)
(2.22018 2.45095 0)
(2.00892 2.68548 0)
(1.77983 2.89612 0)
(1.53492 3.0811 0)
(1.27642 3.2387 0)
(1.0066 3.36757 0)
(0.7278 3.46655 0)
(0.500125 3.53478 0)
(0.2069 3.58162 0)
(-3.16832 -0.069585 0)
(-3.73413 -0.469875 0)
(-3.24803 -0.78935 0)
(-3.13797 -1.10038 0)
(-3.01018 -1.3952 0)
(-2.86777 -1.66807 0)
(-2.71065 -1.91648 0)
(-2.53642 -2.14063 0)
(-2.34225 -2.34225 0)
(-2.12592 -2.52345 0)
(-1.88673 -2.68565 0)
(-1.62562 -2.82915 0)
(-1.34485 -2.9532 0)
(-1.04762 -3.0563 0)
(-0.73765 -3.13647 0)
(-0.418875 -3.19185 0)
(-0.09515 -3.22073 0)
(0.2299 -3.22177 0)
(0.552775 -3.19427 0)
(0.87025 -3.13793 0)
(1.17938 -3.05295 0)
(1.47737 -2.93998 0)
(1.7616 -2.79998 0)
(2.02957 -2.63432 0)
(2.27908 -2.44455 0)
(2.50797 -2.23245 0)
(2.71428 -2.00007 0)
(2.89625 -1.74955 0)
(3.05235 -1.48323 0)
(3.18125 -1.2035 0)
(3.2818 -0.912925 0)
(3.35316 -0.614125 0)
(3.39473 -0.309823 0)
(3.40611 -0.00269575 0)
(3.38725 0.304495 0)
(3.33831 0.609025 0)
(3.25972 0.90815 0)
(3.1522 1.19923 0)
(3.0167 1.47968 0)
(2.8544 1.747 0)
(2.66677 1.99878 0)
(2.4555 2.23285 0)
(2.2224 2.44713 0)
(1.9696 2.63965 0)
(1.6993 2.80878 0)
(1.4139 2.95295 0)
(1.11598 3.07092 0)
(0.80815 3.1616 0)
(0.55515 3.22428 0)
(0.2291 3.2659 0)
(-3.42217 -0.05794 0)
(-4.07618 -0.416925 0)
(-3.54865 -0.7035 0)
(-3.42855 -0.985075 0)
(-3.28385 -1.25498 0)
(-3.11957 -1.5071 0)
(-2.9383 -1.7371 0)
(-2.74008 -1.94325 0)
(-2.52345 -2.12592 0)
(-2.28665 -2.28665 0)
(-2.02847 -2.42737 0)
(-1.74885 -2.54947 0)
(-1.4491 -2.65347 0)
(-1.13165 -2.73907 0)
(-0.79985 -2.80528 0)
(-0.457575 -2.85075 0)
(-0.108775 -2.874 0)
(0.242425 -2.87375 0)
(0.5921 -2.84907 0)
(0.936625 -2.79937 0)
(1.27252 -2.72455 0)
(1.5966 -2.62495 0)
(1.90588 -2.50128 0)
(2.19757 -2.35455 0)
(2.46922 -2.1861 0)
(2.71845 -1.99752 0)
(2.9431 -1.7906 0)
(3.1413 -1.56725 0)
(3.31135 -1.32955 0)
(3.4518 -1.07975 0)
(3.56147 -0.8201 0)
(3.63941 -0.552975 0)
(3.68496 -0.280837 0)
(3.69776 -0.00608325 0)
(3.67769 0.268797 0)
(3.62496 0.54135 0)
(3.54 0.809125 0)
(3.42362 1.06972 0)
(3.27687 1.32088 0)
(3.101 1.5603 0)
(2.8976 1.7859 0)
(2.66852 1.99563 0)
(2.41572 2.18767 0)
(2.14148 2.36027 0)
(1.84823 2.51193 0)
(1.53857 2.6413 0)
(1.21525 2.74725 0)
(0.88115 2.82877 0)
(0.604425 2.8852 0)
(0.248525 2.92102 0)
(-3.64319 -0.0464875 0)
(-4.37969 -0.361625 0)
(-3.81617 -0.61265 0)
(-3.68945 -0.8608 0)
(-3.5322 -1.10105 0)
(-3.3499 -1.32778 0)
(-3.1468 -1.53608 0)
(-2.92525 -1.72278 0)
(-2.68565 -1.88673 0)
(-2.42737 -2.02848 0)
(-2.14955 -2.14955 0)
(-1.85172 -2.25173 0)
(-1.53445 -2.33648 0)
(-1.19943 -2.4045 0)
(-0.849325 -2.4559 0)
(-0.4876 -2.49013 0)
(-0.11815 -2.50625 0)
(0.254825 -2.5033 0)
(0.62715 -2.48028 0)
(0.994775 -2.4365 0)
(1.3538 -2.37162 0)
(1.70065 -2.28562 0)
(2.032 -2.1789 0)
(2.34475 -2.05217 0)
(2.6361 -1.90645 0)
(2.90347 -1.74308 0)
(3.14455 -1.56345 0)
(3.3573 -1.36935 0)
(3.53985 -1.16252 0)
(3.6907 -0.944925 0)
(3.80857 -0.7186 0)
(3.89243 -0.4856 0)
(3.94162 -0.248083 0)
(3.95574 -0.00819975 0)
(3.93468 0.231878 0)
(3.87863 0.469975 0)
(3.7881 0.703975 0)
(3.66395 0.931775 0)
(3.50727 1.15133 0)
(3.31943 1.36067 0)
(3.1021 1.558 0)
(2.85728 1.74147 0)
(2.58705 1.90948 0)
(2.29385 2.06057 0)
(1.98032 2.19335 0)
(1.64922 2.3067 0)
(1.30345 2.39952 0)
(0.9461 2.47113 0)
(0.6474 2.52073 0)
(0.264925 2.55025 0)
(-3.83028 -0.0350575 0)
(-4.64235 -0.304125 0)
(-4.04783 -0.517675 0)
(-3.91695 -0.7296 0)
(-3.75083 -0.936425 0)
(-3.5546 -1.13362 0)
(-3.3333 -1.31655 0)
(-3.09073 -1.4813 0)
(-2.82915 -1.62562 0)
(-2.54947 -1.74885 0)
(-2.25172 -1.85172 0)
(-1.93578 -1.93577 0)
(-1.60188 -2.00277 0)
(-1.25108 -2.05422 0)
(-0.885475 -2.09107 0)
(-0.507925 -2.11368 0)
(-0.12195 -2.12185 0)
(0.2684 -2.1151 0)
(0.6589 -2.09267 0)
(1.04528 -2.05397 0)
(1.4234 -1.99847 0)
(1.78932 -1.92593 0)
(2.13932 -1.83643 0)
(2.47003 -1.73035 0)
(2.77833 -1.60835 0)
(3.06145 -1.47142 0)
(3.31683 -1.3207 0)
(3.54222 -1.15755 0)
(3.73577 -0.983475 0)
(3.89572 -0.8001 0)
(4.0208 -0.6092 0)
(4.10993 -0.412475 0)
(4.16236 -0.21176 0)
(4.17772 -0.0089415 0)
(4.15587 0.19414 0)
(4.09705 0.395625 0)
(4.0018 0.593725 0)
(3.87097 0.786625 0)
(3.70577 0.9726 0)
(3.50768 1.14995 0)
(3.2784 1.31717 0)
(3.02 1.4727 0)
(2.73482 1.61515 0)
(2.42535 1.7433 0)
(2.09435 1.85597 0)
(1.74475 1.95218 0)
(1.37968 2.03102 0)
(1.00235 2.0919 0)
(0.68355 2.1342 0)
(0.27805 2.15697 0)
(-3.98237 -0.0235725 0)
(-4.8623 -0.2446 0)
(-4.24165 -0.41925 0)
(-4.1082 -0.593 0)
(-3.93623 -0.76365 0)
(-3.73003 -0.928 0)
(-3.49447 -1.08202 0)
(-3.23433 -1.22195 0)
(-2.9532 -1.34485 0)
(-2.65347 -1.4491 0)
(-2.33647 -1.53445 0)
(-2.00278 -1.60188 0)
(-1.6529 -1.6529 0)
(-1.28772 -1.68935 0)
(-0.908775 -1.7128 0)
(-0.518375 -1.7243 0)
(-0.119575 -1.7245 0)
(0.284 -1.71345 0)
(0.688275 -1.69092 0)
(1.08898 -1.65652 0)
(1.48185 -1.60973 0)
(1.8627 -1.55025 0)
(2.22757 -1.47787 0)
(2.57282 -1.39267 0)
(2.89503 -1.29498 0)
(3.19112 -1.18535 0)
(3.45842 -1.06465 0)
(3.69452 -0.9338 0)
(3.8973 -0.794025 0)
(4.06497 -0.64655 0)
(4.1962 -0.49275 0)
(4.28987 -0.334125 0)
(4.34515 -0.172095 0)
(4.36164 -0.0082135 0)
(4.33925 0.156005 0)
(4.27822 0.31905 0)
(4.1791 0.4794 0)
(4.04283 0.63565 0)
(3.8706 0.786325 0)
(3.664 0.9301 0)
(3.42485 1.06565 0)
(3.15525 1.19177 0)
(2.85765 1.30738 0)
(2.53468 1.41135 0)
(2.1892 1.50285 0)
(1.82427 1.58098 0)
(1.44318 1.64512 0)
(1.04927 1.69462 0)
(0.712475 1.72913 0)
(0.2877 1.74485 0)
(-4.09845 -0.012025 0)
(-5.03802 -0.1834 0)
(-4.39623 -0.318 0)
(-4.26135 -0.452225 0)
(-4.08582 -0.5849 0)
(-3.87297 -0.713825 0)
(-3.62725 -0.8361 0)
(-3.35355 -0.948375 0)
(-3.0563 -1.04763 0)
(-2.73907 -1.13165 0)
(-2.4045 -1.19943 0)
(-2.05422 -1.25107 0)
(-1.68935 -1.28772 0)
(-1.31098 -1.31098 0)
(-0.920425 -1.32263 0)
(-0.519625 -1.3243 0)
(-0.1111 -1.3172 0)
(0.301975 -1.3021 0)
(0.715825 -1.27927 0)
(1.12647 -1.2487 0)
(1.52967 -1.21007 0)
(1.92118 -1.16312 0)
(2.2969 -1.1075 0)
(2.65292 -1.04307 0)
(2.98565 -0.969825 0)
(3.29177 -0.888 0)
(3.56838 -0.797975 0)
(3.81285 -0.700375 0)
(4.02302 -0.595975 0)
(4.197 -0.485625 0)
(4.33323 -0.37035 0)
(4.43059 -0.251225 0)
(4.48827 -0.12937 0)
(4.50582 -0.00594025 0)
(4.48313 0.117895 0)
(4.42045 0.240975 0)
(4.3184 0.362125 0)
(4.1779 0.480275 0)
(4.00022 0.594275 0)
(3.787 0.703125 0)
(3.54008 0.80575 0)
(3.26173 0.901325 0)
(2.9544 0.98895 0)
(2.62083 1.06782 0)
(2.26398 1.13722 0)
(1.88702 1.19655 0)
(1.49333 1.24527 0)
(1.08635 1.28295 0)
(0.733775 1.30923 0)
(0.293775 1.31765 0)
(-4.1778 -0.0004625 0)
(-5.16828 -0.120925 0)
(-4.51047 -0.214575 0)
(-4.3751 -0.308425 0)
(-4.19783 -0.401925 0)
(-3.98123 -0.493775 0)
(-3.72902 -0.5821 0)
(-3.44585 -0.6643 0)
(-3.13647 -0.73765 0)
(-2.80528 -0.79985 0)
(-2.4559 -0.849325 0)
(-2.09107 -0.885475 0)
(-1.7128 -0.908775 0)
(-1.32263 -0.920425 0)
(-0.9221 -0.9221 0)
(-0.51295 -0.9156 0)
(-0.097375 -0.90255 0)
(0.321925 -0.884225 0)
(0.741675 -0.861475 0)
(1.15818 -0.834675 0)
(1.56742 -0.803925 0)
(1.96528 -0.769025 0)
(2.34762 -0.729725 0)
(2.7105 -0.6857 0)
(3.0501 -0.636725 0)
(3.36298 -0.5827 0)
(3.64605 -0.523625 0)
(3.89653 -0.459725 0)
(4.11205 -0.391325 0)
(4.2906 -0.318925 0)
(4.4306 -0.2431 0)
(4.53084 -0.164525 0)
(4.59044 -0.0839325 0)
(4.60891 -0.00208525 0)
(4.58616 0.0802225 0)
(4.52245 0.162175 0)
(4.4184 0.243025 0)
(4.27498 0.321925 0)
(4.09345 0.3982 0)
(3.87548 0.471075 0)
(3.62305 0.539875 0)
(3.33845 0.604 0)
(3.02415 0.6628 0)
(2.68295 0.715775 0)
(2.31792 0.762425 0)
(1.93232 0.80235 0)
(1.52957 0.835175 0)
(1.11322 0.860575 0)
(0.747175 0.878375 0)
(0.296125 0.879325 0)
(-4.21984 0.011055 0)
(-5.25214 -0.057525 0)
(-4.58372 -0.109725 0)
(-4.4487 -0.1627 0)
(-4.27117 -0.216325 0)
(-4.05315 -0.270125 0)
(-3.79778 -0.323025 0)
(-3.5091 -0.373325 0)
(-3.19185 -0.418875 0)
(-2.85075 -0.457575 0)
(-2.49013 -0.4876 0)
(-2.11368 -0.507925 0)
(-1.7243 -0.518375 0)
(-1.3243 -0.519625 0)
(-0.9156 -0.51295 0)
(-0.500075 -0.500075 0)
(-0.079725 -0.482725 0)
(0.34305 -0.4625 0)
(0.765375 -0.440725 0)
(1.18402 -0.41815 0)
(1.59533 -0.395325 0)
(1.99538 -0.3723 0)
(2.38022 -0.3489 0)
(2.74592 -0.3248 0)
(3.08865 -0.299675 0)
(3.40487 -0.273075 0)
(3.69135 -0.244775 0)
(3.94515 -0.21455 0)
(4.16382 -0.182375 0)
(4.34523 -0.14825 0)
(4.48763 -0.112325 0)
(4.58975 -0.0749 0)
(4.65071 -0.03622 0)
(4.66997 0.003326 0)
(4.64739 0.0433475 0)
(4.58325 0.083425 0)
(4.47815 0.123175 0)
(4.33307 0.162125 0)
(4.14937 0.1999 0)
(3.92868 0.236125 0)
(3.673 0.270425 0)
(3.38465 0.30245 0)
(3.06617 0.331875 0)
(2.72045 0.35845 0)
(2.35055 0.3819 0)
(1.95977 0.402 0)
(1.55155 0.41855 0)
(1.12955 0.431425 0)
(0.752525 0.440475 0)
(0.294725 0.433875 0)
(-4.22426 0.0224475 0)
(-5.28906 0.006275 0)
(-4.61565 -0.004225 0)
(-4.4817 -0.0161 0)
(-4.30525 -0.02965 0)
(-4.08792 -0.04495 0)
(-3.83222 -0.06165 0)
(-3.5417 -0.07885 0)
(-3.22073 -0.09515 0)
(-2.874 -0.108775 0)
(-2.50625 -0.11815 0)
(-2.12185 -0.12195 0)
(-1.7245 -0.119575 0)
(-1.3172 -0.1111 0)
(-0.90255 -0.097375 0)
(-0.482725 -0.079725 0)
(-0.0598 -0.0598 0)
(0.363925 -0.039325 0)
(0.786025 -0.019775 0)
(1.20357 -0.00235 0)
(1.61328 0.0121 0)
(2.0117 0.02325 0)
(2.39512 0.031 0)
(2.75973 0.0356 0)
(3.10182 0.037475 0)
(3.41788 0.0372 0)
(3.70458 0.035225 0)
(3.95892 0.032175 0)
(4.17835 0.02845 0)
(4.36065 0.024425 0)
(4.50395 0.020425 0)
(4.60695 0.01665 0)
(4.66866 0.013205 0)
(4.68847 0.010181 0)
(4.66626 0.0076 0)
(4.60228 0.00545 0)
(4.4971 0.0037 0)
(4.3517 0.0023 0)
(4.16745 0.001225 0)
(3.946 0.000425 0)
(3.68938 -0.00015 0)
(3.3999 -0.00055 0)
(3.08015 -0.0008 0)
(2.73297 -0.0009 0)
(2.36148 -0.000925 0)
(1.96897 -0.0009 0)
(1.559 -0.000825 0)
(1.13515 -0.00065 0)
(0.749625 -0.0005 0)
(0.289525 -0.014675 0)
(-4.19111 0.033625 0)
(-5.27881 0.0699 0)
(-4.6061 0.1011 0)
(-4.47412 0.1302 0)
(-4.30002 0.1566 0)
(-4.08515 0.179775 0)
(-3.83167 0.1995 0)
(-3.5426 0.215975 0)
(-3.22178 0.2299 0)
(-2.87375 0.242425 0)
(-2.5033 0.254825 0)
(-2.1151 0.2684 0)
(-1.71345 0.284 0)
(-1.3021 0.301975 0)
(-0.884225 0.321925 0)
(-0.4625 0.34305 0)
(-0.039325 0.363925 0)
(0.383075 0.383075 0)
(0.80235 0.3989 0)
(1.2159 0.409975 0)
(1.62092 0.4153 0)
(2.01428 0.414175 0)
(2.39257 0.4063 0)
(2.7524 0.391775 0)
(3.09025 0.370975 0)
(3.40263 0.3445 0)
(3.68632 0.31305 0)
(3.93837 0.27745 0)
(4.15607 0.2385 0)
(4.3372 0.196975 0)
(4.47985 0.15355 0)
(4.58253 0.10895 0)
(4.64424 0.0636575 0)
(4.66437 0.0182573 0)
(4.64266 -0.0268 0)
(4.57935 -0.071125 0)
(4.475 -0.114325 0)
(4.3306 -0.156075 0)
(4.1475 -0.196025 0)
(3.9273 -0.233875 0)
(3.67202 -0.26935 0)
(3.384 -0.3022 0)
(3.06582 -0.332175 0)
(2.72033 -0.359075 0)
(2.35055 -0.382625 0)
(1.95987 -0.4027 0)
(1.5518 -0.4191 0)
(1.12988 -0.431775 0)
(0.7385 -0.440525 0)
(0.28055 -0.462175 0)
(-4.12074 0.044495 0)
(-5.22158 0.132875 0)
(-4.55535 0.205375 0)
(-4.4262 0.275025 0)
(-4.25567 0.340925 0)
(-4.04502 0.402175 0)
(-3.79603 0.458075 0)
(-3.5113 0.50825 0)
(-3.19427 0.552775 0)
(-2.84907 0.5921 0)
(-2.48028 0.62715 0)
(-2.09267 0.6589 0)
(-1.69092 0.688275 0)
(-1.27928 0.715825 0)
(-0.861475 0.741675 0)
(-0.440725 0.765375 0)
(-0.019775 0.786025 0)
(0.3989 0.80235 0)
(0.812925 0.812925 0)
(1.21998 0.816375 0)
(1.61747 0.811525 0)
(2.0027 0.797475 0)
(2.37273 0.773775 0)
(2.7244 0.7403 0)
(3.05455 0.697325 0)
(3.35995 0.6454 0)
(3.63753 0.58545 0)
(3.88438 0.518325 0)
(4.09788 0.4452 0)
(4.2757 0.36715 0)
(4.41592 0.285275 0)
(4.51706 0.20065 0)
(4.57797 0.11431 0)
(4.59802 0.027209 0)
(4.57688 -0.059755 0)
(4.51475 -0.145725 0)
(4.41215 -0.229925 0)
(4.27 -0.311575 0)
(4.08965 -0.39005 0)
(3.87268 -0.46465 0)
(3.62105 -0.534775 0)
(3.33708 -0.599825 0)
(3.02328 -0.6593 0)
(2.68253 -0.71275 0)
(2.31785 -0.759675 0)
(1.9325 -0.799725 0)
(1.52993 -0.83255 0)
(1.11373 -0.85795 0)
(0.719225 -0.875625 0)
(0.267875 -0.904575 0)
(-4.01374 0.054965 0)
(-5.11793 0.19465 0)
(-4.46395 0.30775 0)
(-4.33858 0.4172 0)
(-4.17287 0.5218 0)
(-3.968 0.620375 0)
(-3.7256 0.71185 0)
(-3.4479 0.7953 0)
(-3.13792 0.87025 0)
(-2.79938 0.936625 0)
(-2.4365 0.994775 0)
(-2.05397 1.04528 0)
(-1.65653 1.08898 0)
(-1.2487 1.12648 0)
(-0.834675 1.15818 0)
(-0.41815 1.18402 0)
(-0.00235 1.20357 0)
(0.409975 1.2159 0)
(0.816375 1.21997 0)
(1.2145 1.2145 0)
(1.60203 1.19838 0)
(1.97652 1.17065 0)
(2.3354 1.13067 0)
(2.67595 1.07822 0)
(2.99535 1.01345 0)
(3.29075 0.936875 0)
(3.55925 0.84935 0)
(3.79813 0.751925 0)
(4.0049 0.645925 0)
(4.17727 0.532675 0)
(4.31335 0.4137 0)
(4.41157 0.290375 0)
(4.4708 0.164217 0)
(4.4903 0.0365667 0)
(4.46973 -0.0912275 0)
(4.40918 -0.217875 0)
(4.30915 -0.342175 0)
(4.17048 -0.462975 0)
(3.99442 -0.5792 0)
(3.78258 -0.689875 0)
(3.53685 -0.794 0)
(3.25947 -0.890725 0)
(2.9529 -0.979225 0)
(2.61995 -1.05875 0)
(2.26358 -1.12867 0)
(1.887 -1.1884 0)
(1.49358 -1.23743 0)
(1.0868 -1.27535 0)
(0.691875 -1.30188 0)
(0.2516 -1.33782 0)
(-3.87113 0.064945 0)
(-4.9688 0.254675 0)
(-4.3328 0.40735 0)
(-4.21215 0.555525 0)
(-4.0525 0.6978 0)
(-3.85497 0.83265 0)
(-3.6211 0.95865 0)
(-3.3529 1.07458 0)
(-3.05295 1.17937 0)
(-2.72455 1.27253 0)
(-2.37163 1.3538 0)
(-1.99847 1.4234 0)
(-1.60973 1.48185 0)
(-1.21008 1.52968 0)
(-0.803925 1.56742 0)
(-0.395325 1.59533 0)
(0.0121 1.61328 0)
(0.4153 1.62092 0)
(0.811525 1.61747 0)
(1.19838 1.60203 0)
(1.57362 1.57362 0)
(1.935 1.53135 0)
(2.2803 1.4746 0)
(2.60718 1.40305 0)
(2.9132 1.31675 0)
(3.19585 1.21615 0)
(3.45257 1.10205 0)
(3.68095 0.9756 0)
(3.87863 0.8382 0)
(4.04348 0.691425 0)
(4.17363 0.536975 0)
(4.26758 0.3767 0)
(4.32416 0.21235 0)
(4.34257 0.0457505 0)
(4.32244 -0.121348 0)
(4.2638 -0.28725 0)
(4.16705 -0.450325 0)
(4.03298 -0.609025 0)
(3.86275 -0.7619 0)
(3.65788 -0.907575 0)
(3.4202 -1.04475 0)
(3.15185 -1.17228 0)
(2.85525 -1.28902 0)
(2.53308 -1.39398 0)
(2.1882 -1.48633 0)
(1.82375 -1.5652 0)
(1.44298 -1.63005 0)
(1.04928 -1.68022 0)
(0.65675 -1.7154 0)
(0.231925 -1.75803 0)
(-3.69413 0.0743475 0)
(-4.77553 0.31245 0)
(-4.1631 0.5033 0)
(-4.04812 0.688875 0)
(-3.89575 0.8674 0)
(-3.70715 1.03718 0)
(-3.48368 1.19645 0)
(-3.22717 1.34363 0)
(-2.93998 1.47738 0)
(-2.62495 1.5966 0)
(-2.28562 1.70065 0)
(-1.92592 1.78933 0)
(-1.55025 1.8627 0)
(-1.16312 1.92118 0)
(-0.769025 1.96527 0)
(-0.3723 1.99538 0)
(0.02325 2.0117 0)
(0.414175 2.01427 0)
(0.797475 2.0027 0)
(1.17065 1.97653 0)
(1.53135 1.935 0)
(1.8775 1.8775 0)
(2.2071 1.80348 0)
(2.5181 1.71265 0)
(2.80845 1.605 0)
(3.07605 1.48095 0)
(3.3187 1.34127 0)
(3.53428 1.1871 0)
(3.72073 1.01987 0)
(3.87605 0.84135 0)
(3.99863 0.6534 0)
(4.08695 0.45815 0)
(4.13985 0.257648 0)
(4.1566 0.0541025 0)
(4.13673 -0.15036 0)
(4.0802 -0.353625 0)
(3.98737 -0.55375 0)
(3.8589 -0.7487 0)
(3.69587 -0.936675 0)
(3.49973 -1.11595 0)
(3.27215 -1.2849 0)
(3.0152 -1.44203 0)
(2.7312 -1.58595 0)
(2.42265 -1.71545 0)
(2.09235 -1.82938 0)
(1.74327 -1.92678 0)
(1.37855 -2.00685 0)
(1.00145 -2.0689 0)
(0.614075 -2.11243 0)
(0.208975 -2.16135 0)
(-3.48433 0.0830875 0)
(-4.53985 0.36745 0)
(-3.95638 0.59475 0)
(-3.84805 0.816025 0)
(-3.7042 1.02918 0)
(-3.52593 1.23222 0)
(-3.31465 1.4232 0)
(-3.07198 1.60022 0)
(-2.79998 1.7616 0)
(-2.50128 1.90588 0)
(-2.1789 2.032 0)
(-1.83643 2.13932 0)
(-1.47787 2.22758 0)
(-1.1075 2.2969 0)
(-0.729725 2.34763 0)
(-0.3489 2.38022 0)
(0.031 2.39512 0)
(0.4063 2.39257 0)
(0.773775 2.37273 0)
(1.13067 2.3354 0)
(1.4746 2.2803 0)
(1.80348 2.2071 0)
(2.11545 2.11545 0)
(2.4087 2.00517 0)
(2.6815 1.87637 0)
(2.93213 1.72943 0)
(3.15873 1.56505 0)
(3.35955 1.38443 0)
(3.53287 1.18902 0)
(3.677 0.980625 0)
(3.79043 0.76135 0)
(3.87182 0.533325 0)
(3.92012 0.299063 0)
(3.93457 0.0609325 0)
(3.91471 -0.178562 0)
(3.86041 -0.416975 0)
(3.77197 -0.6519 0)
(3.65005 -0.881075 0)
(3.4955 -1.10222 0)
(3.30965 -1.31332 0)
(3.09413 -1.5124 0)
(2.8508 -1.69767 0)
(2.58182 -1.86745 0)
(2.28965 -2.02028 0)
(1.97688 -2.1548 0)
(1.64627 -2.26987 0)
(1.30085 -2.3645 0)
(0.9437 -2.4379 0)
(0.5643 -2.48942 0)
(0.183 -2.54412 0)
(-3.24359 0.09109 0)
(-4.26386 0.41915 0)
(-3.71453 0.6809 0)
(-3.6137 0.935875 0)
(-3.47955 1.18173 0)
(-3.31312 1.41618 0)
(-3.11567 1.637 0)
(-2.88878 1.84215 0)
(-2.63432 2.02958 0)
(-2.35455 2.19757 0)
(-2.05217 2.34475 0)
(-1.73035 2.47003 0)
(-1.39267 2.57282 0)
(-1.04308 2.65293 0)
(-0.6857 2.7105 0)
(-0.3248 2.74592 0)
(0.0356 2.75972 0)
(0.391775 2.7524 0)
(0.7403 2.7244 0)
(1.07822 2.67595 0)
(1.40305 2.60718 0)
(1.71265 2.5181 0)
(2.00518 2.4087 0)
(2.27903 2.27903 0)
(2.5327 2.1293 0)
(2.76473 1.95997 0)
(2.9737 1.77185 0)
(3.15825 1.56608 0)
(3.31693 1.34413 0)
(3.44838 1.10785 0)
(3.55132 0.859425 0)
(3.62466 0.60115 0)
(3.66745 0.335637 0)
(3.67898 0.06557 0)
(3.65882 -0.206305 0)
(3.60687 -0.477225 0)
(3.52327 -0.74445 0)
(3.40857 -1.00537 0)
(3.26362 -1.25745 0)
(3.08955 -1.49822 0)
(2.8878 -1.72548 0)
(2.66015 -1.93708 0)
(2.4086 -2.1311 0)
(2.1353 -2.30582 0)
(1.84275 -2.45973 0)
(1.53358 -2.5914 0)
(1.21053 -2.69977 0)
(0.876525 -2.78385 0)
(0.50785 -2.843 0)
(0.154275 -2.9029 0)
(-2.97409 0.0982875 0)
(-3.95004 0.46714 0)
(-3.43965 0.761025 0)
(-3.34722 1.0474 0)
(-3.2239 1.3237 0)
(-3.07065 1.5874 0)
(-2.88867 1.83607 0)
(-2.6794 2.06735 0)
(-2.44455 2.27908 0)
(-2.1861 2.46922 0)
(-1.90645 2.6361 0)
(-1.60835 2.77833 0)
(-1.29497 2.89503 0)
(-0.969825 2.98565 0)
(-0.636725 3.0501 0)
(-0.299675 3.08865 0)
(0.037475 3.10182 0)
(0.370975 3.09025 0)
(0.697325 3.05455 0)
(1.01345 2.99535 0)
(1.31675 2.9132 0)
(1.605 2.80845 0)
(1.87637 2.6815 0)
(2.1293 2.5327 0)
(2.36245 2.36245 0)
(2.57467 2.17142 0)
(2.76483 1.96053 0)
(2.93182 1.7309 0)
(3.07465 1.48405 0)
(3.1923 1.2219 0)
(3.28372 0.946575 0)
(3.34804 0.660575 0)
(3.38454 0.366572 0)
(3.39262 0.067425 0)
(3.37192 -0.233912 0)
(3.32227 -0.534425 0)
(3.24383 -0.831125 0)
(3.13705 -1.12105 0)
(3.00265 -1.40138 0)
(2.84163 -1.66935 0)
(2.65528 -1.92248 0)
(2.44518 -2.1583 0)
(2.21307 -2.3747 0)
(1.96102 -2.5697 0)
(1.6913 -2.74148 0)
(1.40622 -2.88858 0)
(1.1084 -3.00965 0)
(0.800475 -3.10372 0)
(0.44525 -3.16992 0)
(0.1231 -3.23442 0)
(-2.67816 0.10461 0)
(-3.60112 0.511005 0)
(-3.13427 0.834375 0)
(-3.05102 1.1496 0)
(-2.93955 1.4539 0)
(-2.80075 1.74447 0)
(-2.63573 2.0187 0)
(-2.44578 2.27397 0)
(-2.23245 2.50797 0)
(-1.99752 2.71845 0)
(-1.74308 2.90347 0)
(-1.47142 3.06145 0)
(-1.18535 3.19112 0)
(-0.888 3.29177 0)
(-0.5827 3.36297 0)
(-0.273075 3.40487 0)
(0.0372 3.41787 0)
(0.3445 3.40262 0)
(0.6454 3.35995 0)
(0.936875 3.29075 0)
(1.21615 3.19585 0)
(1.48095 3.07605 0)
(1.72942 2.93212 0)
(1.95998 2.76473 0)
(2.17142 2.57467 0)
(2.3628 2.3628 0)
(2.53318 2.13013 0)
(2.68178 1.878 0)
(2.80793 1.60798 0)
(2.9109 1.32192 0)
(2.99 1.02205 0)
(3.04466 0.710925 0)
(3.0743 0.39127 0)
(3.07849 0.0660375 0)
(3.05697 -0.261655 0)
(3.00965 -0.588625 0)
(2.93665 -0.91165 0)
(2.83832 -1.22753 0)
(2.71532 -1.53318 0)
(2.56845 -1.8256 0)
(2.39885 -2.102 0)
(2.20793 -2.3597 0)
(1.9972 -2.59635 0)
(1.76852 -2.80965 0)
(1.52388 -2.9977 0)
(1.2654 -3.15883 0)
(0.995375 -3.29152 0)
(0.71625 -3.39467 0)
(0.37715 -3.46735 0)
(0.089775 -3.53575 0)
(-2.35847 0.110001 0)
(-3.22027 0.550307 0)
(-2.80106 0.900325 0)
(-2.7277 1.24162 0)
(-2.62902 1.57118 0)
(-2.50585 1.886 0)
(-2.35918 2.18325 0)
(-2.19012 2.4602 0)
(-2.00007 2.71428 0)
(-1.7906 2.9431 0)
(-1.56345 3.14455 0)
(-1.3207 3.31683 0)
(-1.06465 3.45842 0)
(-0.797975 3.56838 0)
(-0.523625 3.64605 0)
(-0.244775 3.69135 0)
(0.035225 3.70458 0)
(0.31305 3.68632 0)
(0.58545 3.63753 0)
(0.84935 3.55925 0)
(1.10205 3.45257 0)
(1.34127 3.3187 0)
(1.56505 3.15873 0)
(1.77185 2.9737 0)
(1.96052 2.76483 0)
(2.13012 2.53318 0)
(2.28003 2.28002 0)
(2.40968 2.00688 0)
(2.51858 1.71537 0)
(2.60637 1.40747 0)
(2.67272 1.08545 0)
(2.71726 0.751818 0)
(2.73965 0.409362 0)
(2.7397 0.0611275 0)
(2.71725 -0.2897 0)
(2.67227 -0.6398 0)
(2.60492 -0.985825 0)
(2.51552 -1.3244 0)
(2.40457 -1.6522 0)
(2.2728 -1.96607 0)
(2.12117 -2.2629 0)
(1.95083 -2.53988 0)
(1.76312 -2.79433 0)
(1.55967 -3.02385 0)
(1.34213 -3.22632 0)
(1.1124 -3.39988 0)
(0.87255 -3.54292 0)
(0.62465 -3.65415 0)
(0.304175 -3.73265 0)
(0.0547 -3.80415 0)
(-2.01785 0.114418 0)
(-2.8108 0.584738 0)
(-2.44295 0.958275 0)
(-2.38017 1.32262 0)
(-2.29517 1.6745 0)
(-2.18868 2.01075 0)
(-2.06153 2.32835 0)
(-1.91475 2.62445 0)
(-1.74955 2.89625 0)
(-1.56725 3.1413 0)
(-1.36935 3.3573 0)
(-1.15755 3.54222 0)
(-0.9338 3.69452 0)
(-0.700375 3.81285 0)
(-0.459725 3.89653 0)
(-0.21455 3.94515 0)
(0.032175 3.95892 0)
(0.27745 3.93837 0)
(0.518325 3.88438 0)
(0.751925 3.79813 0)
(0.9756 3.68095 0)
(1.1871 3.53428 0)
(1.38442 3.35955 0)
(1.56608 3.15825 0)
(1.7309 2.93182 0)
(1.878 2.68178 0)
(2.00688 2.40967 0)
(2.11713 2.11713 0)
(2.20853 1.806 0)
(2.28097 1.47837 0)
(2.33434 1.13655 0)
(2.36857 0.783062 0)
(2.38361 0.420735 0)
(2.37943 0.0526175 0)
(2.35604 -0.318062 0)
(2.31353 -0.68793 0)
(2.25205 -1.0535 0)
(2.17195 -1.41133 0)
(2.07365 -1.75795 0)
(1.95775 -2.08998 0)
(1.82505 -2.4042 0)
(1.6765 -2.69758 0)
(1.51322 -2.96725 0)
(1.33653 -3.21067 0)
(1.14785 -3.42555 0)
(0.9488 -3.6098 0)
(0.7411 -3.76175 0)
(0.526525 -3.88003 0)
(0.22715 -3.9635 0)
(0.018275 -4.03728 0)
(-1.65932 0.11782 0)
(-2.37642 0.613975 0)
(-2.06317 1.0077 0)
(-2.01148 1.39185 0)
(-1.9409 1.76293 0)
(-1.852 2.11763 0)
(-1.74547 2.45278 0)
(-1.62223 2.7653 0)
(-1.48323 3.05235 0)
(-1.32955 3.31135 0)
(-1.16253 3.53985 0)
(-0.983475 3.73577 0)
(-0.794025 3.8973 0)
(-0.595975 4.02303 0)
(-0.391325 4.11205 0)
(-0.182375 4.16383 0)
(0.02845 4.17835 0)
(0.2385 4.15608 0)
(0.4452 4.09788 0)
(0.645925 4.0049 0)
(0.8382 3.87863 0)
(1.01987 3.72073 0)
(1.18903 3.53288 0)
(1.34413 3.31692 0)
(1.48405 3.07465 0)
(1.60797 2.80793 0)
(1.71537 2.51858 0)
(1.806 2.20853 0)
(1.87982 1.87983 0)
(1.93692 1.5347 0)
(1.97741 1.17549 0)
(2.00144 0.804825 0)
(2.0092 0.425525 0)
(2.0009 0.04064 0)
(1.97671 -0.346588 0)
(1.93684 -0.732777 0)
(1.88153 -1.11443 0)
(1.81108 -1.48797 0)
(1.72592 -1.8499 0)
(1.62655 -2.19675 0)
(1.51358 -2.52513 0)
(1.38777 -2.83188 0)
(1.25002 -3.11403 0)
(1.10137 -3.36885 0)
(0.943 -3.59388 0)
(0.7762 -3.78695 0)
(0.602325 -3.9463 0)
(0.4229 -4.07035 0)
(0.146925 -4.158 0)
(-0.019075 -4.23315 0)
(-1.28606 0.120176 0)
(-1.92092 0.637763 0)
(-1.66507 1.04822 0)
(-1.62495 1.44873 0)
(-1.5694 1.83573 0)
(-1.49883 2.2057 0)
(-1.41385 2.55535 0)
(-1.31518 2.8815 0)
(-1.2035 3.18125 0)
(-1.07975 3.4518 0)
(-0.944925 3.6907 0)
(-0.8001 3.89572 0)
(-0.64655 4.06497 0)
(-0.485625 4.197 0)
(-0.318925 4.2906 0)
(-0.14825 4.34523 0)
(0.024425 4.36065 0)
(0.196975 4.3372 0)
(0.36715 4.2757 0)
(0.532675 4.17727 0)
(0.691425 4.04348 0)
(0.84135 3.87605 0)
(0.980625 3.677 0)
(1.10785 3.44837 0)
(1.2219 3.1923 0)
(1.32192 2.9109 0)
(1.40747 2.60637 0)
(1.47837 2.28097 0)
(1.5347 1.93692 0)
(1.57663 1.57663 0)
(1.60447 1.20257 0)
(1.61861 0.81743 0)
(1.61943 0.424074 0)
(1.60732 0.0255375 0)
(1.58263 -0.374955 0)
(1.54569 -0.774035 0)
(1.49685 -1.16822 0)
(1.43648 -1.55395 0)
(1.36487 -1.92765 0)
(1.28253 -2.28585 0)
(1.18993 -2.62507 0)
(1.0876 -2.9421 0)
(0.97625 -3.23377 0)
(0.856675 -3.49735 0)
(0.72975 -3.7302 0)
(0.596375 -3.9301 0)
(0.4577 -4.09512 0)
(0.314825 -4.2237 0)
(0.06435 -4.31457 0)
(-0.056875 -4.39012 0)
(-0.901379 0.121465 0)
(-1.44837 0.655887 0)
(-1.2522 1.07941 0)
(-1.22397 1.49275 0)
(-1.18393 1.89222 0)
(-1.13237 2.27419 0)
(-1.06968 2.63522 0)
(-0.996325 2.9721 0)
(-0.912925 3.2818 0)
(-0.8201 3.56147 0)
(-0.7186 3.80857 0)
(-0.6092 4.0208 0)
(-0.49275 4.1962 0)
(-0.37035 4.33323 0)
(-0.2431 4.4306 0)
(-0.112325 4.48763 0)
(0.020425 4.50395 0)
(0.15355 4.47985 0)
(0.285275 4.41592 0)
(0.4137 4.31335 0)
(0.536975 4.17363 0)
(0.6534 3.99863 0)
(0.76135 3.79043 0)
(0.859425 3.55132 0)
(0.946575 3.28373 0)
(1.02205 2.99 0)
(1.08545 2.67273 0)
(1.13655 2.33434 0)
(1.17549 1.97741 0)
(1.20258 1.60447 0)
(1.21821 1.21821 0)
(1.22294 0.821388 0)
(1.21731 0.41691 0)
(1.20187 0.0078225 0)
(1.17713 -0.402682 0)
(1.14357 -0.811272 0)
(1.10161 -1.21451 0)
(1.05165 -1.60887 0)
(0.994025 -1.99085 0)
(0.929125 -2.35687 0)
(0.857325 -2.7036 0)
(0.779075 -3.02762 0)
(0.694775 -3.3259 0)
(0.60495 -3.59545 0)
(0.51025 -3.83373 0)
(0.411275 -4.03835 0)
(0.308725 -4.20727 0)
(0.20345 -4.33897 0)
(-0.0195 -4.43202 0)
(-0.094625 -4.507 0)
(-0.508704 0.121676 0)
(-0.962969 0.668193 0)
(-0.828205 1.10103 0)
(-0.812147 1.52353 0)
(-0.787967 1.93189 0)
(-0.75582 2.32246 0)
(-0.715938 2.6917 0)
(-0.6686 3.03631 0)
(-0.614125 3.35316 0)
(-0.552975 3.63941 0)
(-0.4856 3.89243 0)
(-0.412475 4.10993 0)
(-0.334125 4.28987 0)
(-0.251225 4.43059 0)
(-0.164525 4.53084 0)
(-0.0749 4.58975 0)
(0.01665 4.60695 0)
(0.10895 4.58253 0)
(0.20065 4.51706 0)
(0.290375 4.41157 0)
(0.3767 4.26757 0)
(0.45815 4.08695 0)
(0.533325 3.87182 0)
(0.60115 3.62466 0)
(0.660575 3.34804 0)
(0.710925 3.04465 0)
(0.751818 2.71726 0)
(0.783062 2.36857 0)
(0.804825 2.00144 0)
(0.81743 1.61861 0)
(0.821388 1.22294 0)
(0.81731 0.81731 0)
(0.805865 0.404691 0)
(0.787725 -0.0118525 0)
(0.76353 -0.42915 0)
(0.733868 -0.843917 0)
(0.699255 -1.25279 0)
(0.660127 -1.65233 0)
(0.61687 -2.03906 0)
(0.569778 -2.40952 0)
(0.519175 -2.76032 0)
(0.4653 -3.08816 0)
(0.408425 -3.38997 0)
(0.34885 -3.66277 0)
(0.28685 -3.90392 0)
(0.222825 -4.11107 0)
(0.157075 -4.28214 0)
(0.090075 -4.41541 0)
(-0.103675 -4.50959 0)
(-0.13185 -4.58292 0)
(-0.11151 0.120806 0)
(-0.469021 0.67457 0)
(-0.396861 1.11286 0)
(-0.393105 1.54078 0)
(-0.385008 1.95444 0)
(-0.372563 2.35012 0)
(-0.355817 2.72427 0)
(-0.334865 3.07353 0)
(-0.309823 3.39473 0)
(-0.280837 3.68496 0)
(-0.248083 3.94162 0)
(-0.21176 4.16236 0)
(-0.172095 4.34515 0)
(-0.12937 4.48827 0)
(-0.0839325 4.59044 0)
(-0.03622 4.65071 0)
(0.013205 4.66866 0)
(0.0636575 4.64424 0)
(0.11431 4.57797 0)
(0.164217 4.4708 0)
(0.21235 4.32416 0)
(0.257648 4.13985 0)
(0.299062 3.92012 0)
(0.335638 3.66745 0)
(0.366573 3.38453 0)
(0.39127 3.0743 0)
(0.409363 2.73965 0)
(0.420735 2.38361 0)
(0.425525 2.0092 0)
(0.424074 1.61943 0)
(0.41691 1.21731 0)
(0.404691 0.805865 0)
(0.388148 0.388148 0)
(0.36803 -0.03274 0)
(0.345068 -0.453642 0)
(0.31993 -0.871322 0)
(0.293202 -1.28249 0)
(0.265375 -1.68381 0)
(0.236832 -2.0719 0)
(0.207865 -2.44341 0)
(0.178682 -2.79501 0)
(0.149423 -3.12352 0)
(0.120173 -3.42583 0)
(0.091 -3.69909 0)
(0.0619475 -3.94062 0)
(0.033055 -4.14807 0)
(0.004385 -4.31937 0)
(-0.023995 -4.45276 0)
(-0.18701 -4.54691 0)
(-0.167957 -4.61748 0)
(0.286672 0.118865 0)
(0.0290897 0.674955 0)
(0.0380037 1.11483 0)
(0.029426 1.54435 0)
(0.0213787 1.95963 0)
(0.0140127 2.35693 0)
(0.00746425 2.73266 0)
(0.0018565 3.08344 0)
(-0.00269575 3.40611 0)
(-0.00608325 3.69776 0)
(-0.00819975 3.95574 0)
(-0.0089415 4.17772 0)
(-0.0082135 4.36164 0)
(-0.00594025 4.50582 0)
(-0.00208525 4.60891 0)
(0.003326 4.66997 0)
(0.010181 4.68848 0)
(0.0182572 4.66437 0)
(0.027209 4.59802 0)
(0.0365668 4.4903 0)
(0.0457505 4.34257 0)
(0.0541025 4.1566 0)
(0.0609325 3.93457 0)
(0.06557 3.67898 0)
(0.067425 3.39262 0)
(0.0660375 3.07849 0)
(0.0611275 2.7397 0)
(0.0526175 2.37943 0)
(0.04064 2.0009 0)
(0.0255375 1.60732 0)
(0.0078225 1.20187 0)
(-0.0118525 0.787725 0)
(-0.03274 0.36803 0)
(-0.054065 -0.054065 0)
(-0.0750525 -0.475396 0)
(-0.0949825 -0.89278 0)
(-0.11323 -1.303 0)
(-0.129278 -1.70282 0)
(-0.142733 -2.08899 0)
(-0.153333 -2.45828 0)
(-0.160937 -2.80751 0)
(-0.165517 -3.13358 0)
(-0.167138 -3.43349 0)
(-0.165942 -3.70446 0)
(-0.162129 -3.94389 0)
(-0.155932 -4.14944 0)
(-0.14762 -4.31906 0)
(-0.137457 -4.45104 0)
(-0.268395 -4.54401 0)
(-0.202422 -4.61073 0)
(0.682309 0.115867 0)
(0.526944 0.669351 0)
(0.472532 1.1069 0)
(0.451695 1.53421 0)
(0.427575 1.94743 0)
(0.400468 2.34281 0)
(0.37069 2.71678 0)
(0.338583 3.06597 0)
(0.304495 3.38725 0)
(0.268797 3.67769 0)
(0.231878 3.93468 0)
(0.19414 4.15587 0)
(0.156005 4.33925 0)
(0.117895 4.48313 0)
(0.0802225 4.58616 0)
(0.0433475 4.64739 0)
(0.0076 4.66626 0)
(-0.0268 4.64266 0)
(-0.059755 4.57688 0)
(-0.0912275 4.46973 0)
(-0.121348 4.32244 0)
(-0.15036 4.13673 0)
(-0.178562 3.91471 0)
(-0.206305 3.65882 0)
(-0.233912 3.37192 0)
(-0.261655 3.05697 0)
(-0.2897 2.71725 0)
(-0.318063 2.35604 0)
(-0.346587 1.97671 0)
(-0.374955 1.58263 0)
(-0.402682 1.17713 0)
(-0.42915 0.76353 0)
(-0.453642 0.345068 0)
(-0.475396 -0.0750525 0)
(-0.493647 -0.493648 0)
(-0.507674 -0.907573 0)
(-0.516837 -1.31368 0)
(-0.520618 -1.70885 0)
(-0.518632 -2.08996 0)
(-0.510655 -2.45393 0)
(-0.496607 -2.79772 0)
(-0.476555 -3.1184 0)
(-0.45071 -3.4131 0)
(-0.419397 -3.67914 0)
(-0.383035 -3.91403 0)
(-0.342115 -4.11554 0)
(-0.297215 -4.28165 0)
(-0.24895 -4.41067 0)
(-0.3467 -4.50127 0)
(-0.234675 -4.56307 0)
(1.07189 0.111844 0)
(1.02012 0.657808 0)
(0.902868 1.08914 0)
(0.869957 1.51046 0)
(0.829977 1.91795 0)
(0.783362 2.30789 0)
(0.730625 2.67679 0)
(0.672325 3.0213 0)
(0.609025 3.33831 0)
(0.54135 3.62496 0)
(0.469975 3.87863 0)
(0.395625 4.09705 0)
(0.31905 4.27822 0)
(0.240975 4.42045 0)
(0.162175 4.52245 0)
(0.083425 4.58325 0)
(0.00545 4.60227 0)
(-0.071125 4.57935 0)
(-0.145725 4.51475 0)
(-0.217875 4.40918 0)
(-0.28725 4.2638 0)
(-0.353625 4.0802 0)
(-0.416975 3.86041 0)
(-0.477225 3.60686 0)
(-0.534425 3.32227 0)
(-0.588625 3.00965 0)
(-0.6398 2.67227 0)
(-0.68793 2.31353 0)
(-0.732778 1.93683 0)
(-0.774035 1.54569 0)
(-0.811272 1.14357 0)
(-0.843917 0.733868 0)
(-0.871322 0.31993 0)
(-0.89278 -0.0949825 0)
(-0.907573 -0.507674 0)
(-0.915018 -0.915018 0)
(-0.914507 -1.31394 0)
(-0.905555 -1.70141 0)
(-0.887815 -2.07445 0)
(-0.86109 -2.43014 0)
(-0.825408 -2.76562 0)
(-0.7809 -3.07811 0)
(-0.727875 -3.36494 0)
(-0.666875 -3.62355 0)
(-0.598525 -3.85162 0)
(-0.52355 -4.04699 0)
(-0.44275 -4.2078 0)
(-0.357075 -4.3324 0)
(-0.4208 -4.41945 0)
(-0.264225 -4.4753 0)
(1.45196 0.106825 0)
(1.50424 0.640422 0)
(1.32519 1.06172 0)
(1.28051 1.4733 0)
(1.22501 1.87144 0)
(1.1593 2.2525 0)
(1.0841 2.61305 0)
(1.0001 2.9498 0)
(0.90815 3.25972 0)
(0.809125 3.54 0)
(0.703975 3.7881 0)
(0.593725 4.0018 0)
(0.4794 4.1791 0)
(0.362125 4.3184 0)
(0.243025 4.4184 0)
(0.123175 4.47815 0)
(0.0037 4.4971 0)
(-0.114325 4.475 0)
(-0.229925 4.41215 0)
(-0.342175 4.30915 0)
(-0.450325 4.16705 0)
(-0.55375 3.98737 0)
(-0.6519 3.77197 0)
(-0.74445 3.52328 0)
(-0.831125 3.24382 0)
(-0.91165 2.93665 0)
(-0.985825 2.60492 0)
(-1.0535 2.25205 0)
(-1.11443 1.88153 0)
(-1.16822 1.49685 0)
(-1.21451 1.10161 0)
(-1.25279 0.699255 0)
(-1.28249 0.293202 0)
(-1.303 -0.11323 0)
(-1.31368 -0.516837 0)
(-1.31394 -0.914507 0)
(-1.30323 -1.30323 0)
(-1.28113 -1.68007 0)
(-1.24736 -2.04219 0)
(-1.20183 -2.38683 0)
(-1.14458 -2.7113 0)
(-1.07588 -3.01298 0)
(-0.99615 -3.28942 0)
(-0.906075 -3.53827 0)
(-0.806475 -3.75737 0)
(-0.6983 -3.9447 0)
(-0.582625 -4.09847 0)
(-0.4606 -4.21722 0)
(-0.4896 -4.29967 0)
(-0.290525 -4.34857 0)
(1.81914 0.10086 0)
(1.97501 0.617353 0)
(1.73575 1.02486 0)
(1.67968 1.42306 0)
(1.60917 1.8083 0)
(1.52497 2.1771 0)
(1.42793 2.5261 0)
(1.319 2.8521 0)
(1.19923 3.1522 0)
(1.06972 3.42363 0)
(0.931775 3.66395 0)
(0.786625 3.87098 0)
(0.63565 4.04282 0)
(0.480275 4.1779 0)
(0.321925 4.27498 0)
(0.162125 4.33308 0)
(0.0023 4.3517 0)
(-0.156075 4.3306 0)
(-0.311575 4.27 0)
(-0.462975 4.17048 0)
(-0.609025 4.03298 0)
(-0.7487 3.8589 0)
(-0.881075 3.65005 0)
(-1.00537 3.40858 0)
(-1.12105 3.13705 0)
(-1.22753 2.83833 0)
(-1.3244 2.51552 0)
(-1.41132 2.17195 0)
(-1.48798 1.81107 0)
(-1.55395 1.43647 0)
(-1.60887 1.05164 0)
(-1.65233 0.660128 0)
(-1.68381 0.265375 0)
(-1.70282 -0.129277 0)
(-1.70885 -0.520618 0)
(-1.70141 -0.905555 0)
(-1.68007 -1.28113 0)
(-1.64452 -1.64451 0)
(-1.59457 -1.993 0)
(-1.5302 -2.32395 0)
(-1.45155 -2.63488 0)
(-1.35903 -2.92335 0)
(-1.25317 -3.18713 0)
(-1.13483 -3.4241 0)
(-1.00495 -3.63225 0)
(-0.86465 -3.80972 0)
(-0.715275 -3.95495 0)
(-0.558275 -4.06653 0)
(-0.55215 -4.14335 0)
(-0.313125 -4.18443 0)
(2.17017 0.094 0)
(2.42824 0.588805 0)
(2.13089 0.97893 0)
(2.06395 1.3602 0)
(1.97905 1.72912 0)
(1.8771 2.08237 0)
(1.7591 2.41672 0)
(1.6262 2.7291 0)
(1.47968 3.0167 0)
(1.32088 3.27687 0)
(1.15133 3.50727 0)
(0.9726 3.70578 0)
(0.786325 3.8706 0)
(0.594275 4.00022 0)
(0.3982 4.09345 0)
(0.1999 4.14937 0)
(0.001225 4.16745 0)
(-0.196025 4.1475 0)
(-0.39005 4.08965 0)
(-0.5792 3.99442 0)
(-0.7619 3.86275 0)
(-0.936675 3.69587 0)
(-1.10222 3.4955 0)
(-1.25745 3.26362 0)
(-1.40138 3.00265 0)
(-1.53318 2.71532 0)
(-1.6522 2.40457 0)
(-1.75795 2.07365 0)
(-1.8499 1.72592 0)
(-1.92765 1.36487 0)
(-1.99085 0.994025 0)
(-2.03906 0.61687 0)
(-2.0719 0.236832 0)
(-2.08899 -0.142733 0)
(-2.08996 -0.518632 0)
(-2.07445 -0.887815 0)
(-2.04219 -1.24736 0)
(-1.993 -1.59457 0)
(-1.9268 -1.9268 0)
(-1.8437 -2.24157 0)
(-1.74397 -2.53662 0)
(-1.62813 -2.8097 0)
(-1.4969 -3.05877 0)
(-1.3512 -3.2819 0)
(-1.1921 -3.4773 0)
(-1.021 -3.64335 0)
(-0.839425 -3.77862 0)
(-0.649 -3.88187 0)
(-0.6075 -3.95212 0)
(-0.3316 -3.98462 0)
(2.50194 0.0863025 0)
(2.85994 0.55503 0)
(2.50714 0.9243 0)
(2.42987 1.28525 0)
(2.33135 1.6346 0)
(2.21257 1.9692 0)
(2.07465 2.2859 0)
(1.91897 2.5819 0)
(1.747 2.8544 0)
(1.5603 3.101 0)
(1.36067 3.31943 0)
(1.14995 3.50767 0)
(0.9301 3.664 0)
(0.703125 3.787 0)
(0.471075 3.87548 0)
(0.236125 3.92868 0)
(0.000425 3.946 0)
(-0.233875 3.9273 0)
(-0.46465 3.87268 0)
(-0.689875 3.78258 0)
(-0.907575 3.65788 0)
(-1.11595 3.49973 0)
(-1.31332 3.30965 0)
(-1.49822 3.08955 0)
(-1.66935 2.84163 0)
(-1.8256 2.56845 0)
(-1.96607 2.2728 0)
(-2.08997 1.95775 0)
(-2.19675 1.62655 0)
(-2.28585 1.28253 0)
(-2.35687 0.929125 0)
(-2.40952 0.569778 0)
(-2.44341 0.207865 0)
(-2.45828 -0.153333 0)
(-2.45393 -0.510655 0)
(-2.43014 -0.86109 0)
(-2.38683 -1.20183 0)
(-2.32395 -1.5302 0)
(-2.24157 -1.8437 0)
(-2.14003 -2.14003 0)
(-2.01968 -2.417 0)
(-1.88117 -2.67268 0)
(-1.72537 -2.90518 0)
(-1.55335 -3.11273 0)
(-1.3664 -3.2938 0)
(-1.16597 -3.44705 0)
(-0.9538 -3.57113 0)
(-0.731775 -3.66505 0)
(-0.6549 -3.72793 0)
(-0.345625 -3.75128 0)
(2.81151 0.07784 0)
(3.26624 0.516318 0)
(2.86111 0.86145 0)
(2.77425 1.1989 0)
(2.663 1.5256 0)
(2.5284 1.8385 0)
(2.3718 2.1348 0)
(2.1947 2.41175 0)
(1.99878 2.66678 0)
(1.7859 2.8976 0)
(1.558 3.1021 0)
(1.31718 3.2784 0)
(1.06565 3.42485 0)
(0.80575 3.54008 0)
(0.539875 3.62305 0)
(0.270425 3.673 0)
(-0.00015 3.68938 0)
(-0.26935 3.67202 0)
(-0.534775 3.62105 0)
(-0.794 3.53685 0)
(-1.04475 3.4202 0)
(-1.2849 3.27215 0)
(-1.5124 3.09413 0)
(-1.72548 2.8878 0)
(-1.92247 2.65528 0)
(-2.102 2.39885 0)
(-2.2629 2.12118 0)
(-2.4042 1.82505 0)
(-2.52513 1.51357 0)
(-2.62507 1.18993 0)
(-2.7036 0.857325 0)
(-2.76032 0.519175 0)
(-2.79501 0.178683 0)
(-2.80751 -0.160937 0)
(-2.79772 -0.496608 0)
(-2.76562 -0.825408 0)
(-2.7113 -1.14458 0)
(-2.63488 -1.45155 0)
(-2.53662 -1.74398 0)
(-2.417 -2.01968 0)
(-2.27663 -2.27662 0)
(-2.1163 -2.51305 0)
(-1.93695 -2.72728 0)
(-1.73982 -2.91778 0)
(-1.52642 -3.08323 0)
(-1.29833 -3.2224 0)
(-1.05743 -3.3343 0)
(-0.8058 -3.41805 0)
(-0.693725 -3.47293 0)
(-0.35495 -3.48667 0)
(3.0961 0.0686875 0)
(3.64355 0.473057 0)
(3.18973 0.790975 0)
(3.09402 1.10193 0)
(2.97095 1.40302 0)
(2.82178 1.6915 0)
(2.6479 1.96472 0)
(2.45095 2.22018 0)
(2.23285 2.4555 0)
(1.99563 2.66852 0)
(1.74147 2.85728 0)
(1.4727 3.02 0)
(1.19177 3.15525 0)
(0.901325 3.26173 0)
(0.604 3.33845 0)
(0.30245 3.38465 0)
(-0.00055 3.3999 0)
(-0.3022 3.384 0)
(-0.599825 3.33708 0)
(-0.890725 3.25947 0)
(-1.17227 3.15185 0)
(-1.44203 3.0152 0)
(-1.69768 2.8508 0)
(-1.93708 2.66015 0)
(-2.1583 2.44518 0)
(-2.3597 2.20793 0)
(-2.53988 1.95083 0)
(-2.69757 1.6765 0)
(-2.83188 1.38778 0)
(-2.9421 1.0876 0)
(-3.02762 0.779075 0)
(-3.08816 0.4653 0)
(-3.12352 0.149423 0)
(-3.13357 -0.165517 0)
(-3.1184 -0.476555 0)
(-3.07811 -0.7809 0)
(-3.01297 -1.07588 0)
(-2.92335 -1.35903 0)
(-2.8097 -1.62813 0)
(-2.67268 -1.88117 0)
(-2.51305 -2.1163 0)
(-2.33183 -2.33183 0)
(-2.1301 -2.52628 0)
(-1.9093 -2.69843 0)
(-1.67102 -2.84708 0)
(-1.41705 -2.97123 0)
(-1.14945 -3.07012 0)
(-0.8704 -3.14303 0)
(-0.723525 -3.18943 0)
(-0.359375 -3.1933 0)
(3.35325 0.0589275 0)
(3.98852 0.425575 0)
(3.48998 0.71345 0)
(3.3863 0.995125 0)
(3.25258 1.26798 0)
(3.0901 1.5295 0)
(2.90047 1.77722 0)
(2.68548 2.00892 0)
(2.44713 2.2224 0)
(2.18768 2.41572 0)
(1.90948 2.58705 0)
(1.61515 2.73483 0)
(1.30738 2.85765 0)
(0.98895 2.9544 0)
(0.6628 3.02415 0)
(0.331875 3.06617 0)
(-0.0008 3.08015 0)
(-0.332175 3.06582 0)
(-0.6593 3.02328 0)
(-0.979225 2.9529 0)
(-1.28902 2.85525 0)
(-1.58595 2.7312 0)
(-1.86745 2.58183 0)
(-2.1311 2.4086 0)
(-2.3747 2.21307 0)
(-2.59635 1.9972 0)
(-2.79433 1.76312 0)
(-2.96725 1.51323 0)
(-3.11403 1.25002 0)
(-3.23377 0.97625 0)
(-3.3259 0.694775 0)
(-3.38997 0.408425 0)
(-3.42583 0.120172 0)
(-3.43349 -0.167138 0)
(-3.4131 -0.45071 0)
(-3.36494 -0.727875 0)
(-3.28942 -0.99615 0)
(-3.18712 -1.25317 0)
(-3.05877 -1.4969 0)
(-2.90518 -1.72537 0)
(-2.72728 -1.93695 0)
(-2.52628 -2.1301 0)
(-2.30355 -2.30355 0)
(-2.06062 -2.45622 0)
(-1.79923 -2.5871 0)
(-1.52137 -2.6955 0)
(-1.22923 -2.78072 0)
(-0.9251 -2.8423 0)
(-0.744 -2.87988 0)
(-0.358825 -2.87387 0)
(3.5806 0.0486425 0)
(4.29807 0.3743 0)
(3.75927 0.629625 0)
(3.64855 0.879525 0)
(3.50532 1.1217 0)
(3.33102 1.3539 0)
(3.12732 1.57398 0)
(2.89612 1.77983 0)
(2.63965 1.9696 0)
(2.36028 2.14148 0)
(2.06057 2.29385 0)
(1.7433 2.42535 0)
(1.41135 2.53467 0)
(1.06782 2.62083 0)
(0.715775 2.68295 0)
(0.35845 2.72045 0)
(-0.0009 2.73298 0)
(-0.359075 2.72033 0)
(-0.71275 2.68253 0)
(-1.05875 2.61995 0)
(-1.39397 2.53308 0)
(-1.71545 2.42265 0)
(-2.02027 2.28965 0)
(-2.30582 2.1353 0)
(-2.5697 1.96102 0)
(-2.80965 1.76852 0)
(-3.02385 1.55967 0)
(-3.21067 1.33652 0)
(-3.36885 1.10137 0)
(-3.49735 0.856675 0)
(-3.59545 0.60495 0)
(-3.66277 0.34885 0)
(-3.69909 0.091 0)
(-3.70446 -0.165942 0)
(-3.67914 -0.419397 0)
(-3.62355 -0.666875 0)
(-3.53827 -0.906075 0)
(-3.4241 -1.13482 0)
(-3.2819 -1.3512 0)
(-3.11273 -1.55335 0)
(-2.91778 -1.73982 0)
(-2.69843 -1.9093 0)
(-2.45622 -2.06062 0)
(-2.19285 -2.19285 0)
(-1.9103 -2.30527 0)
(-1.61067 -2.39727 0)
(-1.29625 -2.46837 0)
(-0.96955 -2.51832 0)
(-0.7551 -2.5469 0)
(-0.353375 -2.5312 0)
(3.77619 0.037925 0)
(4.56951 0.319725 0)
(3.9952 0.5402 0)
(3.87837 0.756125 0)
(3.72695 0.965475 0)
(3.54237 1.1663 0)
(3.3264 1.35673 0)
(3.0811 1.53492 0)
(2.80878 1.6993 0)
(2.51192 1.84823 0)
(2.19335 1.98032 0)
(1.85598 2.09435 0)
(1.50285 2.1892 0)
(1.13722 2.26398 0)
(0.762425 2.31792 0)
(0.3819 2.35055 0)
(-0.000925 2.36148 0)
(-0.382625 2.35055 0)
(-0.759675 2.31785 0)
(-1.12867 2.26358 0)
(-1.48633 2.1882 0)
(-1.82938 2.09235 0)
(-2.1548 1.97688 0)
(-2.45973 1.84275 0)
(-2.74148 1.6913 0)
(-2.9977 1.52387 0)
(-3.22632 1.34213 0)
(-3.42555 1.14785 0)
(-3.59388 0.943 0)
(-3.7302 0.72975 0)
(-3.83373 0.51025 0)
(-3.90392 0.28685 0)
(-3.94062 0.0619475 0)
(-3.94389 -0.162129 0)
(-3.91403 -0.383035 0)
(-3.85162 -0.598525 0)
(-3.75737 -0.806475 0)
(-3.63225 -1.00495 0)
(-3.4773 -1.1921 0)
(-3.2938 -1.3664 0)
(-3.08323 -1.52642 0)
(-2.84707 -1.67102 0)
(-2.5871 -1.79923 0)
(-2.30528 -1.9103 0)
(-2.00365 -2.00365 0)
(-1.68447 -2.07883 0)
(-1.35028 -2.13555 0)
(-1.00362 -2.17372 0)
(-0.756875 -2.1933 0)
(-0.343125 -2.16822 0)
(3.93825 0.02687 0)
(4.80035 0.2623 0)
(4.19567 0.445975 0)
(4.07383 0.626 0)
(3.9155 0.800675 0)
(3.72228 0.96835 0)
(3.49595 1.12742 0)
(3.2387 1.27642 0)
(2.95295 1.4139 0)
(2.6413 1.53857 0)
(2.3067 1.64922 0)
(1.95218 1.74475 0)
(1.58098 1.82427 0)
(1.19655 1.88702 0)
(0.80235 1.93232 0)
(0.402 1.95977 0)
(-0.0009 1.96897 0)
(-0.4027 1.95987 0)
(-0.799725 1.9325 0)
(-1.1884 1.887 0)
(-1.5652 1.82375 0)
(-1.92678 1.74327 0)
(-2.26987 1.64627 0)
(-2.5914 1.53357 0)
(-2.88858 1.40622 0)
(-3.15883 1.2654 0)
(-3.39988 1.1124 0)
(-3.6098 0.9488 0)
(-3.78695 0.7762 0)
(-3.9301 0.596375 0)
(-4.03835 0.411275 0)
(-4.11107 0.222825 0)
(-4.14807 0.033055 0)
(-4.14944 -0.155932 0)
(-4.11554 -0.342115 0)
(-4.04699 -0.52355 0)
(-3.9447 -0.6983 0)
(-3.80972 -0.86465 0)
(-3.64335 -1.021 0)
(-3.44705 -1.16597 0)
(-3.2224 -1.29833 0)
(-2.97123 -1.41705 0)
(-2.6955 -1.52137 0)
(-2.39728 -1.61067 0)
(-2.07882 -1.68447 0)
(-1.74257 -1.74257 0)
(-1.39115 -1.78485 0)
(-1.0273 -1.81122 0)
(-0.7496 -1.82192 0)
(-0.3283 -1.788 0)
(4.06536 0.0155775 0)
(4.98861 0.20255 0)
(4.3589 0.3478 0)
(4.23308 0.490325 0)
(4.0693 0.62875 0)
(3.86912 0.761775 0)
(3.63447 0.888125 0)
(3.36757 1.0066 0)
(3.07092 1.11598 0)
(2.74725 1.21525 0)
(2.39953 1.30345 0)
(2.03102 1.37968 0)
(1.64512 1.44318 0)
(1.24528 1.49333 0)
(0.835175 1.52958 0)
(0.41855 1.55155 0)
(-0.000825 1.559 0)
(-0.4191 1.5518 0)
(-0.83255 1.52993 0)
(-1.23742 1.49358 0)
(-1.63005 1.44298 0)
(-2.00685 1.37855 0)
(-2.3645 1.30085 0)
(-2.69978 1.21052 0)
(-3.00965 1.1084 0)
(-3.29152 0.995375 0)
(-3.54292 0.87255 0)
(-3.76175 0.7411 0)
(-3.9463 0.602325 0)
(-4.09512 0.4577 0)
(-4.20727 0.308725 0)
(-4.28214 0.157075 0)
(-4.31937 0.004385 0)
(-4.31906 -0.14762 0)
(-4.28165 -0.297215 0)
(-4.2078 -0.44275 0)
(-4.09847 -0.582625 0)
(-3.95495 -0.715275 0)
(-3.77862 -0.839425 0)
(-3.57112 -0.9538 0)
(-3.3343 -1.05742 0)
(-3.07012 -1.14945 0)
(-2.78072 -1.22923 0)
(-2.46837 -1.29625 0)
(-2.13555 -1.35028 0)
(-1.78485 -1.39115 0)
(-1.41893 -1.41893 0)
(-1.0407 -1.4337 0)
(-0.73365 -1.43575 0)
(-0.3092 -1.39363 0)
(4.15638 0.00415 0)
(5.13257 0.141 0)
(4.48345 0.246525 0)
(4.35477 0.350275 0)
(4.18695 0.45125 0)
(3.98165 0.548475 0)
(3.74077 0.64095 0)
(3.46655 0.7278 0)
(3.1616 0.80815 0)
(2.82877 0.88115 0)
(2.47113 0.9461 0)
(2.0919 1.00235 0)
(1.69462 1.04927 0)
(1.28295 1.08635 0)
(0.860575 1.11323 0)
(0.431425 1.12955 0)
(-0.00065 1.13515 0)
(-0.431775 1.12988 0)
(-0.85795 1.11373 0)
(-1.27535 1.0868 0)
(-1.68023 1.04928 0)
(-2.0689 1.00145 0)
(-2.4379 0.9437 0)
(-2.78385 0.876525 0)
(-3.10373 0.800475 0)
(-3.39467 0.71625 0)
(-3.65415 0.62465 0)
(-3.88002 0.526525 0)
(-4.07035 0.4229 0)
(-4.2237 0.314825 0)
(-4.33897 0.20345 0)
(-4.41541 0.090075 0)
(-4.45276 -0.023995 0)
(-4.45104 -0.137458 0)
(-4.41067 -0.24895 0)
(-4.3324 -0.357075 0)
(-4.21722 -0.4606 0)
(-4.06652 -0.558275 0)
(-3.88187 -0.649 0)
(-3.66505 -0.731775 0)
(-3.41805 -0.8058 0)
(-3.14303 -0.8704 0)
(-2.8423 -0.9251 0)
(-2.51832 -0.96955 0)
(-2.17372 -1.00362 0)
(-1.81122 -1.0273 0)
(-1.4337 -1.0407 0)
(-1.04412 -1.04412 0)
(-0.709525 -1.03787 0)
(-0.286175 -0.98835 0)
(4.21051 -0.0021925 0)
(5.23099 0.09085 0)
(4.56817 0.16415 0)
(4.4378 0.236775 0)
(4.2675 0.307575 0)
(4.05883 0.37565 0)
(3.8138 0.440075 0)
(3.53477 0.500125 0)
(3.22428 0.55515 0)
(2.8852 0.604425 0)
(2.52073 0.6474 0)
(2.1342 0.68355 0)
(1.72913 0.712475 0)
(1.30923 0.733775 0)
(0.878375 0.747175 0)
(0.440475 0.752525 0)
(-0.0005 0.749625 0)
(-0.440525 0.7385 0)
(-0.875625 0.719225 0)
(-1.30188 0.691875 0)
(-1.7154 0.65675 0)
(-2.11242 0.614075 0)
(-2.48942 0.5643 0)
(-2.843 0.50785 0)
(-3.16992 0.44525 0)
(-3.46735 0.37715 0)
(-3.73265 0.304175 0)
(-3.9635 0.22715 0)
(-4.158 0.146925 0)
(-4.31457 0.06435 0)
(-4.43202 -0.0195 0)
(-4.50959 -0.103675 0)
(-4.54691 -0.18701 0)
(-4.54401 -0.268395 0)
(-4.50127 -0.3467 0)
(-4.41945 -0.4208 0)
(-4.29967 -0.4896 0)
(-4.14335 -0.55215 0)
(-3.95212 -0.6075 0)
(-3.72793 -0.6549 0)
(-3.47293 -0.693725 0)
(-3.18943 -0.723525 0)
(-2.87987 -0.744 0)
(-2.5469 -0.7551 0)
(-2.1933 -0.756875 0)
(-1.82192 -0.7496 0)
(-1.43575 -0.73365 0)
(-1.03788 -0.709525 0)
(-0.677875 -0.677875 0)
(-0.259675 -0.60355 0)
(4.24504 -0.0014 0)
(5.29891 0.035925 0)
(4.62938 0.066525 0)
(4.4982 0.097125 0)
(4.32582 0.126925 0)
(4.11415 0.15545 0)
(3.86525 0.18225 0)
(3.58162 0.2069 0)
(3.2659 0.2291 0)
(2.92102 0.248525 0)
(2.55025 0.264925 0)
(2.15697 0.27805 0)
(1.74485 0.2877 0)
(1.31765 0.293775 0)
(0.879325 0.296125 0)
(0.433875 0.294725 0)
(-0.014675 0.289525 0)
(-0.462175 0.28055 0)
(-0.904575 0.267875 0)
(-1.33783 0.2516 0)
(-1.75802 0.231925 0)
(-2.16135 0.208975 0)
(-2.54412 0.183 0)
(-2.9029 0.154275 0)
(-3.23442 0.1231 0)
(-3.53575 0.089775 0)
(-3.80415 0.0547 0)
(-4.03727 0.018275 0)
(-4.23315 -0.019075 0)
(-4.39012 -0.056875 0)
(-4.507 -0.094625 0)
(-4.58292 -0.13185 0)
(-4.61748 -0.167957 0)
(-4.61073 -0.202422 0)
(-4.56307 -0.234675 0)
(-4.4753 -0.264225 0)
(-4.34857 -0.290525 0)
(-4.18442 -0.313125 0)
(-3.98462 -0.3316 0)
(-3.75128 -0.345625 0)
(-3.48668 -0.35495 0)
(-3.1933 -0.359375 0)
(-2.87387 -0.358825 0)
(-2.5312 -0.353375 0)
(-2.16823 -0.343125 0)
(-1.788 -0.3283 0)
(-1.39362 -0.3092 0)
(-0.98835 -0.286175 0)
(-0.60355 -0.259675 0)
(-0.21185 -0.21185 0)
)
;

boundaryField
{
    left
    {
        type            extrapolatedCalculated;
        value           nonuniform List<vector> 
50
(
(-0.0564185 -0.135673 0)
(-0.486272 -0.191451 0)
(-0.822221 -0.16103 0)
(-1.13039 -0.144695 0)
(-1.401 -0.126375 0)
(-1.63589 -0.109607 0)
(-1.83943 -0.0948825 0)
(-2.01542 -0.08174 0)
(-2.16639 -0.069585 0)
(-2.29376 -0.05794 0)
(-2.39815 -0.0464875 0)
(-2.47971 -0.0350575 0)
(-2.53838 -0.0235725 0)
(-2.574 -0.012025 0)
(-2.58648 -0.0004625 0)
(-2.57585 0.011055 0)
(-2.54226 0.0224475 0)
(-2.48606 0.033625 0)
(-2.40776 0.044495 0)
(-2.30808 0.054965 0)
(-2.1879 0.064945 0)
(-2.0483 0.0743475 0)
(-1.89051 0.0830875 0)
(-1.71595 0.09109 0)
(-1.52615 0.0982875 0)
(-1.3228 0.10461 0)
(-1.10771 0.110001 0)
(-0.882794 0.114418 0)
(-0.650038 0.11782 0)
(-0.411513 0.120176 0)
(-0.169336 0.121465 0)
(0.0743453 0.121676 0)
(0.317366 0.120806 0)
(0.55757 0.118865 0)
(0.792825 0.115867 0)
(1.02104 0.111844 0)
(1.2402 0.106825 0)
(1.44834 0.10086 0)
(1.64364 0.094 0)
(1.82434 0.0863025 0)
(1.98885 0.07784 0)
(2.1357 0.0686875 0)
(2.2636 0.0589275 0)
(2.37141 0.0486425 0)
(2.45817 0.037925 0)
(2.52311 0.02687 0)
(2.56565 0.0155775 0)
(2.58542 0.00415 0)
(2.58225 -0.0021925 0)
(2.57665 -0.0014 0)
)
;
    }
    right
    {
        type            extrapolatedCalculated;
        value           nonuniform List<vector> 
50
(
(0 4.24504 0)
(0 5.29891 0)
(0 4.62938 0)
(0 4.4982 0)
(0 4.32583 0)
(0 4.11415 0)
(0 3.86525 0)
(0 3.58162 0)
(0 3.2659 0)
(0 2.92102 0)
(0 2.55025 0)
(0 2.15697 0)
(0 1.74485 0)
(0 1.31765 0)
(0 0.879325 0)
(0 0.433875 0)
(0 -0.014675 0)
(0 -0.462175 0)
(0 -0.904575 0)
(0 -1.33782 0)
(0 -1.75803 0)
(0 -2.16135 0)
(0 -2.54412 0)
(0 -2.9029 0)
(0 -3.23442 0)
(0 -3.53575 0)
(0 -3.80415 0)
(0 -4.03728 0)
(0 -4.23315 0)
(0 -4.39012 0)
(0 -4.507 0)
(0 -4.58292 0)
(0 -4.61748 0)
(0 -4.61073 0)
(0 -4.56307 0)
(0 -4.4753 0)
(0 -4.34857 0)
(0 -4.18443 0)
(0 -3.98462 0)
(0 -3.75128 0)
(0 -3.48667 0)
(0 -3.1933 0)
(0 -2.87387 0)
(0 -2.5312 0)
(0 -2.16822 0)
(0 -1.788 0)
(0 -1.39363 0)
(0 -0.98835 0)
(0 -0.60355 0)
(0 -0.21185 0)
)
;
    }
    upper
    {
        type            extrapolatedCalculated;
        value           nonuniform List<vector> 
50
(
(4.24504 0 0)
(5.29891 0 0)
(4.62938 0 0)
(4.4982 0 0)
(4.32582 0 0)
(4.11415 0 0)
(3.86525 0 0)
(3.58162 0 0)
(3.2659 0 0)
(2.92102 0 0)
(2.55025 0 0)
(2.15697 0 0)
(1.74485 0 0)
(1.31765 0 0)
(0.879325 0 0)
(0.433875 0 0)
(-0.014675 0 0)
(-0.462175 0 0)
(-0.904575 0 0)
(-1.33783 0 0)
(-1.75802 0 0)
(-2.16135 0 0)
(-2.54412 0 0)
(-2.9029 0 0)
(-3.23442 0 0)
(-3.53575 0 0)
(-3.80415 0 0)
(-4.03727 0 0)
(-4.23315 0 0)
(-4.39012 0 0)
(-4.507 0 0)
(-4.58292 0 0)
(-4.61748 0 0)
(-4.61073 0 0)
(-4.56307 0 0)
(-4.4753 0 0)
(-4.34857 0 0)
(-4.18442 0 0)
(-3.98462 0 0)
(-3.75128 0 0)
(-3.48668 0 0)
(-3.1933 0 0)
(-2.87387 0 0)
(-2.5312 0 0)
(-2.16823 0 0)
(-1.788 0 0)
(-1.39362 0 0)
(-0.98835 0 0)
(-0.60355 0 0)
(-0.21185 0 0)
)
;
    }
    lower
    {
        type            extrapolatedCalculated;
        value           nonuniform List<vector> 
50
(
(-0.135673 -0.0564185 0)
(-0.191451 -0.486272 0)
(-0.16103 -0.822221 0)
(-0.144695 -1.13039 0)
(-0.126375 -1.401 0)
(-0.109607 -1.63589 0)
(-0.0948825 -1.83943 0)
(-0.08174 -2.01542 0)
(-0.069585 -2.16639 0)
(-0.05794 -2.29376 0)
(-0.0464875 -2.39815 0)
(-0.0350575 -2.47971 0)
(-0.0235725 -2.53838 0)
(-0.012025 -2.574 0)
(-0.0004625 -2.58648 0)
(0.011055 -2.57585 0)
(0.0224475 -2.54226 0)
(0.033625 -2.48606 0)
(0.044495 -2.40776 0)
(0.054965 -2.30808 0)
(0.064945 -2.1879 0)
(0.0743475 -2.0483 0)
(0.0830875 -1.89051 0)
(0.09109 -1.71595 0)
(0.0982875 -1.52615 0)
(0.10461 -1.3228 0)
(0.110001 -1.10771 0)
(0.114418 -0.882794 0)
(0.11782 -0.650038 0)
(0.120176 -0.411513 0)
(0.121465 -0.169336 0)
(0.121676 0.0743453 0)
(0.120806 0.317366 0)
(0.118865 0.55757 0)
(0.115867 0.792825 0)
(0.111844 1.02104 0)
(0.106825 1.2402 0)
(0.10086 1.44834 0)
(0.094 1.64364 0)
(0.0863025 1.82434 0)
(0.07784 1.98885 0)
(0.0686875 2.1357 0)
(0.0589275 2.2636 0)
(0.0486425 2.37141 0)
(0.037925 2.45817 0)
(0.02687 2.52311 0)
(0.0155775 2.56565 0)
(0.00415 2.58542 0)
(-0.0021925 2.58225 0)
(-0.0014 2.57665 0)
)
;
    }
    sides
    {
        type            empty;
    }
}


// ************************************************************************* //
