0.002466982
0.005447386
0.005739160
0.005821864
0.005882254
0.008983102
0.012174323
0.012547448
0.014359031
0.015681437
0.018656819
0.020665047
0.021494558
0.021926776
0.021941727
0.022699023
0.023045875
0.023236679
0.023944775
0.025718719
0.028761114
0.032383092
0.036356090
0.037294362
0.042784932
0.043912954
0.052715271
0.053322338
0.056570138
0.059608669
0.060935546
0.061203018
0.066729912
0.068490238
0.072821482
0.078456271
0.081782684
0.082857953
0.085358478
0.094248307
0.095931607
0.100792827
0.103558992
0.107871486
0.107895329
0.116541586
0.118898767
0.120040182
0.120535108
0.126713764
0.130442437
0.138515583
0.138630392
0.141726099
0.143010920
0.144264684
0.149294878
0.151783975
0.154521151
0.158548859
0.161238142
0.161449838
0.161478401
0.166919912
0.175262246
0.177444959
0.178248144
0.190468641
0.204505119
0.208885201
0.210949340
0.212082160
0.212324156
0.215980565
0.222684990
0.225597309
0.229284044
0.235957990
0.239432661
0.273760173
0.284665017
0.296668776
0.300451597
0.303527211
0.307607985
0.313460102
0.321807710
0.325197743
0.330768281
0.332413594
0.346479445
0.347340610
0.355652249
0.368382031
0.379782201
0.379866520
0.393467557
0.399313347
0.433948297
0.438393318
0.439214198
0.464572104
0.467893769
0.470369333
0.494647173
0.502431609
0.503617674
0.515208709
0.516046937
0.516528557
0.517723201
0.530376247
0.555750264
0.562389216
0.597392413
0.597792865
0.600964152
0.668620206
0.712598076
0.727075879
0.755505935
0.804404831
0.807469637
0.821023078
0.835958922
0.838928992
0.849272936
0.868339014
0.875088664
0.905093561
0.938981938
0.941263918
0.967522034
1.047837577
1.060251256
1.109805991
1.119186823
1.124361199
1.146657800
1.178747408
1.216969381
1.252099283
1.318000830
1.342696076
1.396371488
1.406466417
1.436196653
1.486336154
1.609972900
1.660310381
1.762445518
1.769330577
1.780426284
2.044578563
2.078334074
2.121037639
2.177072521
2.327505285
2.431616835
2.521529037
2.748366313
2.860390794
3.145572069
3.247312455
3.376691056
3.413915190
3.565890492
3.645887034
3.655423371
3.889205424
3.960380137
4.028428767
4.033300652
4.075223205
4.142766031
4.380040270
4.462687078
4.465426104
4.487833539
4.545000541
4.655853793
5.139281888
5.474173944
6.991801018
7.341234553
8.000762266
8.150618059
8.360804544
8.826573405
10.067925442
11.762366485
12.502252546
13.820249825
14.724361521
14.995991004
15.885653966
16.897140292
17.050172085
18.829267717
19.322011535
