3.05763e-16
1.29617e-15
2.04205e-15
2.69949e-15
3.26864e-15
3.75006e-15
4.14458e-15
4.45319e-15
4.67738e-15
4.81867e-15
4.87948e-15
4.86192e-15
4.76951e-15
4.60481e-15
4.37198e-15
4.07461e-15
3.71718e-15
3.30439e-15
2.84103e-15
2.33282e-15
1.78461e-15
1.20231e-15
5.91619e-16
-4.14497e-17
-6.91514e-16
-1.35192e-15
-2.01747e-15
-2.68197e-15
-3.33994e-15
-3.98612e-15
-4.61545e-15
-5.22303e-15
-5.80453e-15
-6.35575e-15
-6.87335e-15
-7.35397e-15
-7.79553e-15
-8.1956e-15
-8.55313e-15
-8.86752e-15
-9.13861e-15
-9.36709e-15
-9.55448e-15
-9.70285e-15
-9.81508e-15
-9.89508e-15
-9.94699e-15
-9.97598e-15
-9.98833e-15
-9.99069e-15
1.29617e-15
3.62394e-15
5.68893e-15
7.49272e-15
9.03773e-15
1.03271e-14
1.13643e-14
1.21537e-14
1.2701e-14
1.30118e-14
1.30943e-14
1.29562e-14
1.26071e-14
1.20575e-14
1.13184e-14
1.04025e-14
9.32286e-15
8.09322e-15
6.72924e-15
5.24554e-15
3.65798e-15
1.98347e-15
2.38116e-16
-1.56057e-15
-3.39649e-15
-5.2528e-15
-7.11245e-15
-8.96033e-15
-1.07806e-14
-1.25579e-14
-1.42795e-14
-1.59317e-14
-1.7503e-14
-1.89839e-14
-2.03623e-14
-2.1633e-14
-2.2789e-14
-2.3827e-14
-2.47439e-14
-2.55381e-14
-2.62124e-14
-2.67688e-14
-2.72132e-14
-2.75533e-14
-2.77986e-14
-2.79611e-14
-2.80534e-14
-2.80938e-14
-2.8099e-14
-2.80897e-14
2.04208e-15
5.68887e-15
8.90269e-15
1.16888e-14
1.40528e-14
1.6001e-14
1.75413e-14
1.8683e-14
1.94355e-14
1.98111e-14
1.98239e-14
1.9488e-14
1.88199e-14
1.7837e-14
1.65609e-14
1.50098e-14
1.3208e-14
1.11775e-14
8.94388e-15
6.53143e-15
3.96676e-15
1.276e-15
-1.51375e-15
-4.37584e-15
-7.28306e-15
-1.0209e-14
-1.31277e-14
-1.6015e-14
-1.88459e-14
-2.15976e-14
-2.42495e-14
-2.67804e-14
-2.91747e-14
-3.14157e-14
-3.34903e-14
-3.5387e-14
-3.70988e-14
-3.86198e-14
-3.99479e-14
-4.10825e-14
-4.20288e-14
-4.27928e-14
-4.33853e-14
-4.38194e-14
-4.41129e-14
-4.42862e-14
-4.4362e-14
-4.43687e-14
-4.4338e-14
-4.43034e-14
2.69944e-15
7.49271e-15
1.1689e-14
1.52973e-14
1.83282e-14
2.07924e-14
2.27027e-14
2.40753e-14
2.49247e-14
2.52687e-14
2.51287e-14
2.4526e-14
2.34845e-14
2.20306e-14
2.01918e-14
1.79992e-14
1.54818e-14
1.26732e-14
9.60715e-15
6.31812e-15
2.84233e-15
-7.84698e-16
-4.52619e-15
-8.34729e-15
-1.22103e-14
-1.60804e-14
-1.9924e-14
-2.3708e-14
-2.74012e-14
-3.09734e-14
-3.43982e-14
-3.76484e-14
-4.07044e-14
-4.35458e-14
-4.61574e-14
-4.85255e-14
-5.06398e-14
-5.24981e-14
-5.40982e-14
-5.54419e-14
-5.65377e-14
-5.73973e-14
-5.8035e-14
-5.84737e-14
-5.87364e-14
-5.88546e-14
-5.88628e-14
-5.87968e-14
-5.87039e-14
-5.86313e-14
3.26863e-15
9.03777e-15
1.40528e-14
1.83282e-14
2.18791e-14
2.47236e-14
2.68795e-14
2.83686e-14
2.9213e-14
2.94372e-14
2.90701e-14
2.81408e-14
2.66807e-14
2.47248e-14
2.23092e-14
1.94728e-14
1.62544e-14
1.26961e-14
8.84153e-15
4.7333e-15
4.16544e-16
-4.06355e-15
-8.66282e-15
-1.33348e-14
-1.8037e-14
-2.27273e-14
-2.73623e-14
-3.19046e-14
-3.63132e-14
-4.0557e-14
-4.46003e-14
-4.84178e-14
-5.19798e-14
-5.52681e-14
-5.82652e-14
-6.09543e-14
-6.33302e-14
-6.53885e-14
-6.71296e-14
-6.85603e-14
-6.96928e-14
-7.05436e-14
-7.1133e-14
-7.14926e-14
-7.1655e-14
-7.16602e-14
-7.15502e-14
-7.13769e-14
-7.11983e-14
-7.10765e-14
3.75005e-15
1.0327e-14
1.6001e-14
2.07925e-14
2.47236e-14
2.78176e-14
3.0101e-14
3.16001e-14
3.23467e-14
3.23719e-14
3.17119e-14
3.04042e-14
2.8489e-14
2.60087e-14
2.3007e-14
1.95346e-14
1.56368e-14
1.13645e-14
6.76893e-15
1.90429e-15
-3.17839e-15
-8.42505e-15
-1.37836e-14
-1.92008e-14
-2.46271e-14
-3.00107e-14
-3.53067e-14
-4.0467e-14
-4.54524e-14
-5.02205e-14
-5.47365e-14
-5.89713e-14
-6.28929e-14
-6.64812e-14
-6.97174e-14
-7.25924e-14
-7.50922e-14
-7.72212e-14
-7.89824e-14
-8.03873e-14
-8.1449e-14
-8.21947e-14
-8.26534e-14
-8.28577e-14
-8.28549e-14
-8.26906e-14
-8.24223e-14
-8.21117e-14
-8.18293e-14
-8.16458e-14
4.14456e-15
1.13644e-14
1.75413e-14
2.27034e-14
2.68797e-14
3.01008e-14
3.23998e-14
3.38112e-14
3.43755e-14
3.41305e-14
3.312e-14
3.13921e-14
2.89914e-14
2.59726e-14
2.2387e-14
1.82917e-14
1.37406e-14
8.7956e-15
3.51526e-15
-2.03942e-15
-7.81111e-15
-1.37349e-14
-1.97536e-14
-2.58072e-14
-3.18395e-14
-3.77947e-14
-4.36204e-14
-4.92666e-14
-5.46875e-14
-5.98406e-14
-6.46872e-14
-6.91947e-14
-7.33355e-14
-7.7086e-14
-8.04277e-14
-8.33513e-14
-8.58529e-14
-8.7934e-14
-8.96014e-14
-9.08753e-14
-9.17707e-14
-9.23264e-14
-9.25735e-14
-9.25561e-14
-9.23301e-14
-9.19506e-14
-9.1489e-14
-9.101e-14
-9.06052e-14
-9.03536e-14
4.45319e-15
1.2154e-14
1.86829e-14
2.40753e-14
2.83686e-14
3.15999e-14
3.3812e-14
3.5047e-14
3.53507e-14
3.47724e-14
3.33642e-14
3.11792e-14
2.82731e-14
2.47099e-14
2.05471e-14
1.58494e-14
1.06818e-14
5.11119e-15
-7.96033e-16
-6.97218e-15
-1.33482e-14
-1.98584e-14
-2.64364e-14
-3.3019e-14
-3.95412e-14
-4.59444e-14
-5.21728e-14
-5.81734e-14
-6.38961e-14
-6.92979e-14
-7.43387e-14
-7.89854e-14
-8.32088e-14
-8.69886e-14
-9.03087e-14
-9.31614e-14
-9.55474e-14
-9.74657e-14
-9.894e-14
-9.99837e-14
-1.00629e-13
-1.0091e-13
-1.00877e-13
-1.00579e-13
-1.0008e-13
-9.94456e-14
-9.87554e-14
-9.80874e-14
-9.75423e-14
-9.72177e-14
4.67746e-15
1.27009e-14
1.94354e-14
2.49247e-14
2.92122e-14
3.23467e-14
3.43755e-14
3.53506e-14
3.5327e-14
3.43613e-14
3.25116e-14
2.98472e-14
2.64244e-14
2.2316e-14
1.75902e-14
1.23183e-14
6.57347e-15
4.28567e-16
-6.04101e-15
-1.27621e-14
-1.9661e-14
-2.66629e-14
-3.36988e-14
-4.06998e-14
-4.75962e-14
-5.43283e-14
-6.08363e-14
-6.70622e-14
-7.29581e-14
-7.84781e-14
-8.3584e-14
-8.82381e-14
-9.24192e-14
-9.61052e-14
-9.92837e-14
-1.01952e-13
-1.04108e-13
-1.05771e-13
-1.06948e-13
-1.07678e-13
-1.07995e-13
-1.07937e-13
-1.07563e-13
-1.06929e-13
-1.06113e-13
-1.05189e-13
-1.04242e-13
-1.03366e-13
-1.02673e-13
-1.02263e-13
4.81872e-15
1.3012e-14
1.98114e-14
2.52688e-14
2.94372e-14
3.23719e-14
3.41301e-14
3.47724e-14
3.43603e-14
3.29622e-14
3.06428e-14
2.74759e-14
2.35327e-14
1.88871e-14
1.36202e-14
7.80803e-15
1.53148e-15
-5.12955e-15
-1.20943e-14
-1.92842e-14
-2.66168e-14
-3.40169e-14
-4.1408e-14
-4.87181e-14
-5.58777e-14
-6.28191e-14
-6.94832e-14
-7.58144e-14
-8.17565e-14
-8.727e-14
-9.23155e-14
-9.68596e-14
-1.00878e-13
-1.04356e-13
-1.07282e-13
-1.0966e-13
-1.11493e-13
-1.12796e-13
-1.13602e-13
-1.13941e-13
-1.13852e-13
-1.13395e-13
-1.12626e-13
-1.11616e-13
-1.10445e-13
-1.092e-13
-1.07975e-13
-1.06877e-13
-1.06024e-13
-1.05529e-13
4.87942e-15
1.30942e-14
1.98233e-14
2.51288e-14
2.90704e-14
3.17117e-14
3.31204e-14
3.33632e-14
3.25138e-14
3.06421e-14
2.78286e-14
2.41496e-14
1.96882e-14
1.4523e-14
8.74258e-15
2.42951e-15
-4.32723e-15
-1.1443e-14
-1.88314e-14
-2.6408e-14
-3.40911e-14
-4.17893e-14
-4.94349e-14
-5.6948e-14
-6.42568e-14
-7.12951e-14
-7.79971e-14
-8.43104e-14
-9.01834e-14
-9.55727e-14
-1.00443e-13
-1.04757e-13
-1.08504e-13
-1.11667e-13
-1.1424e-13
-1.1623e-13
-1.17649e-13
-1.18517e-13
-1.18869e-13
-1.18749e-13
-1.18202e-13
-1.17287e-13
-1.16078e-13
-1.14653e-13
-1.13099e-13
-1.11505e-13
-1.09988e-13
-1.08657e-13
-1.07637e-13
-1.07054e-13
4.86216e-15
1.29563e-14
1.94873e-14
2.45259e-14
2.81408e-14
3.04043e-14
3.1391e-14
3.1178e-14
2.98443e-14
2.7475e-14
2.41503e-14
1.99573e-14
1.49852e-14
9.32297e-15
3.06209e-15
-3.70459e-15
-1.08869e-14
-1.83927e-14
-2.6131e-14
-3.40122e-14
-4.19494e-14
-4.98566e-14
-5.76546e-14
-6.52634e-14
-7.26132e-14
-7.9632e-14
-8.62643e-14
-9.24462e-14
-9.81353e-14
-1.03289e-13
-1.0787e-13
-1.11853e-13
-1.15225e-13
-1.17977e-13
-1.20105e-13
-1.21617e-13
-1.22544e-13
-1.22902e-13
-1.22737e-13
-1.22094e-13
-1.21037e-13
-1.19629e-13
-1.17941e-13
-1.16065e-13
-1.14102e-13
-1.12154e-13
-1.10329e-13
-1.08758e-13
-1.07563e-13
-1.06896e-13
4.76955e-15
1.26068e-14
1.88198e-14
2.34845e-14
2.66796e-14
2.8489e-14
2.89913e-14
2.82733e-14
2.64247e-14
2.35304e-14
1.96878e-14
1.49845e-14
9.52031e-15
3.38891e-15
-3.31175e-15
-1.04832e-14
-1.80318e-14
-2.58589e-14
-3.38685e-14
-4.19717e-14
-5.00743e-14
-5.8092e-14
-6.59428e-14
-7.35444e-14
-8.0828e-14
-8.77244e-14
-9.41714e-14
-1.00118e-13
-1.05516e-13
-1.10329e-13
-1.1452e-13
-1.18076e-13
-1.20977e-13
-1.23225e-13
-1.24822e-13
-1.25791e-13
-1.2615e-13
-1.25937e-13
-1.25198e-13
-1.23985e-13
-1.22369e-13
-1.20427e-13
-1.18234e-13
-1.15893e-13
-1.13506e-13
-1.11179e-13
-1.09046e-13
-1.07222e-13
-1.05863e-13
-1.05099e-13
4.60499e-15
1.20577e-14
1.7837e-14
2.2031e-14
2.47248e-14
2.60087e-14
2.59728e-14
2.47101e-14
2.23159e-14
1.88877e-14
1.45219e-14
9.32295e-15
3.38933e-15
-3.17742e-15
-1.02732e-14
-1.77964e-14
-2.5646e-14
-3.37228e-14
-4.19269e-14
-5.01652e-14
-5.83449e-14
-6.63782e-14
-7.41824e-14
-8.1677e-14
-8.87908e-14
-9.54618e-14
-1.01623e-13
-1.0723e-13
-1.12237e-13
-1.16612e-13
-1.20323e-13
-1.23356e-13
-1.25704e-13
-1.27374e-13
-1.28371e-13
-1.28719e-13
-1.28448e-13
-1.2761e-13
-1.26249e-13
-1.24429e-13
-1.22229e-13
-1.19721e-13
-1.17004e-13
-1.14177e-13
-1.11354e-13
-1.08646e-13
-1.06193e-13
-1.04129e-13
-1.02593e-13
-1.0175e-13
4.3719e-15
1.13184e-14
1.65603e-14
2.01927e-14
2.23097e-14
2.30076e-14
2.23874e-14
2.05473e-14
1.75902e-14
1.36201e-14
8.7425e-15
3.06251e-15
-3.31163e-15
-1.02727e-14
-1.77138e-14
-2.55304e-14
-3.36165e-14
-4.18698e-14
-5.01885e-14
-5.84781e-14
-6.66438e-14
-7.45985e-14
-8.22601e-14
-8.95504e-14
-9.63999e-14
-1.02743e-13
-1.08523e-13
-1.13694e-13
-1.18218e-13
-1.22064e-13
-1.25208e-13
-1.27643e-13
-1.29365e-13
-1.30378e-13
-1.30712e-13
-1.30382e-13
-1.29438e-13
-1.27929e-13
-1.25906e-13
-1.23449e-13
-1.20634e-13
-1.17547e-13
-1.1429e-13
-1.1097e-13
-1.07701e-13
-1.04619e-13
-1.01854e-13
-9.95412e-14
-9.78416e-14
-9.69053e-14
4.07449e-15
1.04023e-14
1.501e-14
1.79992e-14
1.94728e-14
1.95345e-14
1.8291e-14
1.58487e-14
1.23182e-14
7.80635e-15
2.43019e-15
-3.70463e-15
-1.04838e-14
-1.77971e-14
-2.55311e-14
-3.35796e-14
-4.1831e-14
-5.0185e-14
-5.85394e-14
-6.67962e-14
-7.48594e-14
-8.26449e-14
-9.00719e-14
-9.70626e-14
-1.03553e-13
-1.09477e-13
-1.14787e-13
-1.19435e-13
-1.23391e-13
-1.26628e-13
-1.29126e-13
-1.30891e-13
-1.31917e-13
-1.32221e-13
-1.31829e-13
-1.30784e-13
-1.29122e-13
-1.26905e-13
-1.24192e-13
-1.21075e-13
-1.17624e-13
-1.13946e-13
-1.10141e-13
-1.06327e-13
-1.02624e-13
-9.91645e-14
-9.60881e-14
-9.35447e-14
-9.16822e-14
-9.06626e-14
3.71706e-15
9.3226e-15
1.32079e-14
1.54818e-14
1.62542e-14
1.56368e-14
1.37413e-14
1.06822e-14
6.57311e-15
1.53207e-15
-4.32769e-15
-1.08878e-14
-1.80314e-14
-2.56486e-14
-3.3616e-14
-4.18308e-14
-5.01811e-14
-5.85615e-14
-6.68684e-14
-7.50099e-14
-8.28837e-14
-9.04121e-14
-9.75153e-14
-1.04121e-13
-1.10161e-13
-1.15582e-13
-1.20333e-13
-1.24378e-13
-1.27691e-13
-1.30242e-13
-1.32036e-13
-1.3306e-13
-1.3334e-13
-1.32881e-13
-1.31729e-13
-1.29915e-13
-1.27505e-13
-1.24557e-13
-1.2114e-13
-1.17343e-13
-1.13259e-13
-1.08985e-13
-1.04637e-13
-1.00333e-13
-9.61974e-14
-9.23706e-14
-8.89999e-14
-8.62179e-14
-8.42041e-14
-8.3108e-14
3.30439e-15
8.09372e-15
1.11779e-14
1.26733e-14
1.26962e-14
1.13645e-14
8.79557e-15
5.11083e-15
4.28953e-16
-5.12904e-15
-1.1442e-14
-1.83927e-14
-2.58594e-14
-3.37245e-14
-4.18693e-14
-5.01853e-14
-5.85598e-14
-6.68912e-14
-7.50735e-14
-8.30123e-14
-9.06195e-14
-9.78056e-14
-1.045e-13
-1.10633e-13
-1.16144e-13
-1.2098e-13
-1.25099e-13
-1.28467e-13
-1.31063e-13
-1.32872e-13
-1.33896e-13
-1.34132e-13
-1.33609e-13
-1.32352e-13
-1.30399e-13
-1.27805e-13
-1.2462e-13
-1.20922e-13
-1.1679e-13
-1.12313e-13
-1.07594e-13
-1.0273e-13
-9.78403e-14
-9.30557e-14
-8.85067e-14
-8.43231e-14
-8.06608e-14
-7.76694e-14
-7.55076e-14
-7.4341e-14
2.84121e-15
6.72926e-15
8.94404e-15
9.60719e-15
8.84142e-15
6.76935e-15
3.51597e-15
-7.96152e-16
-6.04115e-15
-1.20938e-14
-1.8832e-14
-2.61316e-14
-3.38692e-14
-4.19282e-14
-5.01893e-14
-5.85387e-14
-6.68689e-14
-7.50731e-14
-8.30528e-14
-9.0713e-14
-9.79666e-14
-1.04732e-13
-1.10938e-13
-1.1652e-13
-1.21425e-13
-1.25606e-13
-1.29021e-13
-1.31648e-13
-1.33471e-13
-1.3448e-13
-1.34683e-13
-1.34093e-13
-1.32733e-13
-1.30644e-13
-1.27868e-13
-1.24461e-13
-1.205e-13
-1.16048e-13
-1.11197e-13
-1.06042e-13
-1.00686e-13
-9.52455e-14
-8.98355e-14
-8.45876e-14
-7.96347e-14
-7.51214e-14
-7.11878e-14
-6.79975e-14
-6.57065e-14
-6.44707e-14
2.33277e-15
5.24548e-15
6.53163e-15
6.31825e-15
4.73329e-15
1.90455e-15
-2.04047e-15
-6.97187e-15
-1.27614e-14
-1.92836e-14
-2.64078e-14
-3.4012e-14
-4.19713e-14
-5.01654e-14
-5.84776e-14
-6.67954e-14
-7.50079e-14
-8.30121e-14
-9.07126e-14
-9.80168e-14
-1.04841e-13
-1.1111e-13
-1.16754e-13
-1.21715e-13
-1.25944e-13
-1.29402e-13
-1.32054e-13
-1.33883e-13
-1.34881e-13
-1.35045e-13
-1.34391e-13
-1.32935e-13
-1.30711e-13
-1.2777e-13
-1.24151e-13
-1.19932e-13
-1.15178e-13
-1.09974e-13
-1.04417e-13
-9.85936e-14
-9.26249e-14
-8.66219e-14
-8.07121e-14
-7.50214e-14
-6.96913e-14
-6.4863e-14
-6.06838e-14
-5.7306e-14
-5.48921e-14
-5.36008e-14
1.78472e-15
3.65804e-15
3.9664e-15
2.84233e-15
4.1674e-16
-3.1784e-15
-7.81026e-15
-1.33482e-14
-1.96612e-14
-2.66162e-14
-3.40874e-14
-4.1948e-14
-5.00745e-14
-5.83454e-14
-6.66441e-14
-7.48596e-14
-8.28841e-14
-9.06167e-14
-9.79656e-14
-1.04841e-13
-1.11165e-13
-1.16863e-13
-1.21875e-13
-1.26151e-13
-1.29645e-13
-1.3232e-13
-1.34158e-13
-1.35144e-13
-1.35273e-13
-1.34553e-13
-1.33007e-13
-1.30663e-13
-1.27563e-13
-1.23749e-13
-1.19296e-13
-1.14259e-13
-1.08719e-13
-1.02773e-13
-9.6517e-14
-9.00482e-14
-8.34901e-14
-7.69516e-14
-7.05622e-14
-6.44588e-14
-5.87789e-14
-5.36596e-14
-4.92559e-14
-4.5715e-14
-4.31949e-14
-4.18508e-14
1.20235e-15
1.98349e-15
1.276e-15
-7.84665e-16
-4.06322e-15
-8.42502e-15
-1.37346e-14
-1.98585e-14
-2.66628e-14
-3.40165e-14
-4.179e-14
-4.98561e-14
-5.80917e-14
-6.63784e-14
-7.4599e-14
-8.26451e-14
-9.04141e-14
-9.78058e-14
-1.04732e-13
-1.1111e-13
-1.16867e-13
-1.2193e-13
-1.26254e-13
-1.29781e-13
-1.32482e-13
-1.34328e-13
-1.35305e-13
-1.35402e-13
-1.34632e-13
-1.33005e-13
-1.30553e-13
-1.27305e-13
-1.23314e-13
-1.18631e-13
-1.13329e-13
-1.07484e-13
-1.0118e-13
-9.45158e-14
-8.75788e-14
-8.049e-14
-7.33649e-14
-6.63225e-14
-5.94914e-14
-5.3007e-14
-4.70065e-14
-4.16293e-14
-3.70244e-14
-3.33404e-14
-3.07306e-14
-2.93448e-14
5.91648e-16
2.38287e-16
-1.51355e-15
-4.52668e-15
-8.66244e-15
-1.37837e-14
-1.97536e-14
-2.64374e-14
-3.36988e-14
-4.14079e-14
-4.94349e-14
-5.76539e-14
-6.59416e-14
-7.41813e-14
-8.22606e-14
-9.00722e-14
-9.75153e-14
-1.045e-13
-1.10939e-13
-1.16754e-13
-1.21878e-13
-1.2625e-13
-1.29822e-13
-1.32557e-13
-1.34419e-13
-1.35393e-13
-1.35474e-13
-1.34661e-13
-1.32964e-13
-1.3041e-13
-1.27034e-13
-1.22875e-13
-1.17997e-13
-1.1245e-13
-1.0632e-13
-9.96837e-14
-9.2639e-14
-8.52682e-14
-7.76894e-14
-7.00122e-14
-6.23575e-14
-5.48462e-14
-4.761e-14
-4.07765e-14
-3.44913e-14
-2.88859e-14
-2.41111e-14
-2.0305e-14
-1.76205e-14
-1.6202e-14
-4.1621e-17
-1.56066e-15
-4.37561e-15
-8.34824e-15
-1.33353e-14
-1.92015e-14
-2.58075e-14
-3.30187e-14
-4.06991e-14
-4.87182e-14
-5.69478e-14
-6.52626e-14
-7.35449e-14
-8.16769e-14
-8.95502e-14
-9.70643e-14
-1.04121e-13
-1.10634e-13
-1.16521e-13
-1.21715e-13
-1.26153e-13
-1.29779e-13
-1.32556e-13
-1.34449e-13
-1.35436e-13
-1.35509e-13
-1.34664e-13
-1.32911e-13
-1.30276e-13
-1.26788e-13
-1.22483e-13
-1.17422e-13
-1.11659e-13
-1.05269e-13
-9.83263e-14
-9.09247e-14
-8.31554e-14
-7.51241e-14
-6.69387e-14
-5.87117e-14
-5.05671e-14
-4.26282e-14
-3.50237e-14
-2.78864e-14
-2.13504e-14
-1.5554e-14
-1.06366e-14
-6.73396e-15
-3.99026e-15
-2.55138e-15
-6.91403e-16
-3.39658e-15
-7.28278e-15
-1.22102e-14
-1.80379e-14
-2.46264e-14
-3.18392e-14
-3.95409e-14
-4.75963e-14
-5.58777e-14
-6.42576e-14
-7.26122e-14
-8.08289e-14
-8.87925e-14
-9.63985e-14
-1.03552e-13
-1.10161e-13
-1.16144e-13
-1.21426e-13
-1.25944e-13
-1.29643e-13
-1.3248e-13
-1.3442e-13
-1.35436e-13
-1.35524e-13
-1.34661e-13
-1.32872e-13
-1.30172e-13
-1.2659e-13
-1.22163e-13
-1.16942e-13
-1.10987e-13
-1.0436e-13
-9.71455e-14
-8.94197e-14
-8.12865e-14
-7.28337e-14
-6.41784e-14
-5.54266e-14
-4.66958e-14
-3.81056e-14
-2.97824e-14
-2.18576e-14
-1.44533e-14
-7.71088e-15
-1.75486e-15
3.27423e-15
7.24794e-15
1.00295e-14
1.14858e-14
-1.35216e-15
-5.25259e-15
-1.02091e-14
-1.60803e-14
-2.27276e-14
-3.00106e-14
-3.77947e-14
-4.5945e-14
-5.43284e-14
-6.28205e-14
-7.12949e-14
-7.96323e-14
-8.77233e-14
-9.54594e-14
-1.02742e-13
-1.09477e-13
-1.15581e-13
-1.20978e-13
-1.25605e-13
-1.294e-13
-1.32321e-13
-1.34327e-13
-1.35398e-13
-1.35508e-13
-1.3466e-13
-1.32855e-13
-1.30118e-13
-1.26465e-13
-1.21938e-13
-1.16583e-13
-1.10456e-13
-1.03629e-13
-9.61641e-14
-8.81514e-14
-7.96841e-14
-7.08518e-14
-6.17621e-14
-5.25273e-14
-4.32543e-14
-3.4064e-14
-2.5081e-14
-1.64246e-14
-8.22156e-15
-5.99722e-16
6.31443e-15
1.23866e-14
1.74958e-14
2.15132e-14
2.43155e-14
2.57769e-14
-2.01748e-15
-7.11259e-15
-1.31284e-14
-1.99247e-14
-2.73624e-14
-3.53063e-14
-4.36201e-14
-5.2174e-14
-6.08353e-14
-6.94849e-14
-7.79979e-14
-8.62623e-14
-9.4173e-14
-1.01623e-13
-1.08523e-13
-1.14786e-13
-1.20335e-13
-1.25099e-13
-1.29021e-13
-1.32054e-13
-1.34157e-13
-1.35304e-13
-1.35475e-13
-1.3466e-13
-1.32874e-13
-1.30117e-13
-1.26422e-13
-1.21824e-13
-1.16362e-13
-1.10096e-13
-1.03087e-13
-9.54072e-14
-8.7144e-14
-7.83728e-14
-6.91978e-14
-5.97179e-14
-5.0038e-14
-4.02713e-14
-3.05308e-14
-2.09372e-14
-1.16093e-14
-2.66902e-15
5.75854e-15
1.35516e-14
2.05864e-14
2.67428e-14
3.18986e-14
3.59347e-14
3.87385e-14
4.01946e-14
-2.68202e-15
-8.96025e-15
-1.60151e-14
-2.37083e-14
-3.19041e-14
-4.04673e-14
-4.92678e-14
-5.81731e-14
-6.70617e-14
-7.58139e-14
-8.43108e-14
-9.24481e-14
-1.0012e-13
-1.07229e-13
-1.13694e-13
-1.19436e-13
-1.24379e-13
-1.28469e-13
-1.31649e-13
-1.33884e-13
-1.35143e-13
-1.35404e-13
-1.34659e-13
-1.32912e-13
-1.30171e-13
-1.26464e-13
-1.21827e-13
-1.16289e-13
-1.09914e-13
-1.02758e-13
-9.48952e-14
-8.64089e-14
-7.73747e-14
-6.78931e-14
-5.80595e-14
-4.79808e-14
-3.77628e-14
-2.7521e-14
-1.73687e-14
-7.42587e-15
2.19161e-15
1.13626e-14
1.99608e-14
2.78788e-14
3.49947e-14
4.11973e-14
4.63593e-14
5.03904e-14
5.31769e-14
5.46205e-14
-3.33993e-15
-1.07803e-14
-1.88455e-14
-2.7401e-14
-3.63132e-14
-4.54522e-14
-5.46886e-14
-6.38978e-14
-7.29587e-14
-8.17568e-14
-9.0186e-14
-9.81372e-14
-1.05516e-13
-1.12237e-13
-1.18218e-13
-1.23389e-13
-1.2769e-13
-1.31064e-13
-1.3347e-13
-1.3488e-13
-1.3527e-13
-1.34632e-13
-1.32965e-13
-1.30276e-13
-1.2659e-13
-1.21938e-13
-1.16362e-13
-1.09915e-13
-1.02649e-13
-9.46402e-14
-8.59631e-14
-7.67049e-14
-6.69503e-14
-5.6804e-14
-4.63664e-14
-3.57408e-14
-2.50451e-14
-1.4385e-14
-3.87958e-15
6.35349e-15
1.62008e-14
2.5544e-14
3.42666e-14
4.22603e-14
4.94104e-14
5.56137e-14
6.07593e-14
6.47584e-14
6.751e-14
6.89285e-14
-3.98616e-15
-1.25582e-14
-2.1598e-14
-3.09734e-14
-4.0557e-14
-5.02211e-14
-5.98415e-14
-6.92983e-14
-7.84779e-14
-8.72724e-14
-9.55747e-14
-1.03289e-13
-1.10329e-13
-1.16612e-13
-1.22066e-13
-1.26626e-13
-1.30243e-13
-1.32874e-13
-1.3448e-13
-1.35047e-13
-1.34554e-13
-1.33005e-13
-1.3041e-13
-1.26785e-13
-1.22163e-13
-1.16585e-13
-1.10095e-13
-1.0276e-13
-9.464e-14
-8.58135e-14
-7.6365e-14
-6.63846e-14
-5.59615e-14
-4.52062e-14
-3.42168e-14
-2.31115e-14
-1.19926e-14
-9.79145e-16
9.82149e-15
2.02858e-14
3.03033e-14
3.97654e-14
4.8558e-14
5.65777e-14
6.37185e-14
6.9885e-14
7.49806e-14
7.89198e-14
8.16177e-14
8.30046e-14
-4.61551e-15
-1.42796e-14
-2.42492e-14
-3.43976e-14
-4.46016e-14
-5.47375e-14
-6.46872e-14
-7.43386e-14
-8.35843e-14
-9.23162e-14
-1.0044e-13
-1.0787e-13
-1.1452e-13
-1.20324e-13
-1.2521e-13
-1.29129e-13
-1.32033e-13
-1.33896e-13
-1.34682e-13
-1.34392e-13
-1.33007e-13
-1.30553e-13
-1.27032e-13
-1.22486e-13
-1.16941e-13
-1.10456e-13
-1.03087e-13
-9.48982e-14
-8.59622e-14
-7.63665e-14
-6.61923e-14
-5.55403e-14
-4.45073e-14
-3.31998e-14
-2.17252e-14
-1.01947e-14
1.2799e-15
1.25894e-14
2.36185e-14
3.42532e-14
4.43845e-14
5.39082e-14
6.27193e-14
7.07136e-14
7.7802e-14
8.38937e-14
8.89042e-14
9.27627e-14
9.53907e-14
9.67328e-14
-5.22301e-15
-1.59319e-14
-2.67805e-14
-3.7649e-14
-4.8418e-14
-5.89708e-14
-6.91949e-14
-7.89853e-14
-8.82381e-14
-9.68586e-14
-1.04758e-13
-1.11855e-13
-1.18074e-13
-1.23355e-13
-1.27644e-13
-1.30891e-13
-1.33059e-13
-1.34135e-13
-1.3409e-13
-1.32933e-13
-1.30668e-13
-1.27301e-13
-1.22872e-13
-1.17417e-13
-1.10983e-13
-1.03625e-13
-9.54101e-14
-8.64075e-14
-7.67022e-14
-6.63809e-14
-5.55419e-14
-4.42763e-14
-3.26919e-14
-2.08936e-14
-8.99625e-15
2.89282e-15
1.46639e-14
2.62009e-14
3.73952e-14
4.81376e-14
5.83257e-14
6.78553e-14
7.66384e-14
8.45569e-14
9.1549e-14
9.75291e-14
1.02431e-13
1.06175e-13
1.0872e-13
1.1002e-13
-5.80447e-15
-1.75032e-14
-2.91745e-14
-4.07048e-14
-5.19801e-14
-6.28935e-14
-7.33348e-14
-8.32099e-14
-9.24195e-14
-1.00878e-13
-1.08504e-13
-1.15225e-13
-1.20979e-13
-1.25706e-13
-1.29365e-13
-1.31915e-13
-1.33335e-13
-1.33611e-13
-1.32732e-13
-1.30713e-13
-1.2756e-13
-1.23312e-13
-1.17998e-13
-1.11662e-13
-1.04363e-13
-9.61731e-14
-8.71419e-14
-7.73752e-14
-6.69514e-14
-5.59626e-14
-4.45086e-14
-3.2692e-14
-2.06173e-14
-8.39302e-15
3.86037e-15
1.60422e-14
2.80479e-14
3.97423e-14
5.10431e-14
6.18344e-14
7.20239e-14
8.15098e-14
9.01926e-14
9.80102e-14
1.04866e-13
1.10696e-13
1.1545e-13
1.19073e-13
1.21513e-13
1.22754e-13
-6.35574e-15
-1.8983e-14
-3.14157e-14
-4.35459e-14
-5.5269e-14
-6.64806e-14
-7.70846e-14
-8.699e-14
-9.61067e-14
-1.04354e-13
-1.11666e-13
-1.17976e-13
-1.23225e-13
-1.27371e-13
-1.30379e-13
-1.32221e-13
-1.32878e-13
-1.32352e-13
-1.30641e-13
-1.27769e-13
-1.23752e-13
-1.18632e-13
-1.1245e-13
-1.05268e-13
-9.71437e-14
-8.81538e-14
-7.83727e-14
-6.78935e-14
-5.68045e-14
-4.5206e-14
-3.31995e-14
-2.08936e-14
-8.39664e-15
4.18382e-15
1.67329e-14
2.91496e-14
4.1311e-14
5.31146e-14
6.44551e-14
7.52376e-14
8.53627e-14
9.47425e-14
1.03297e-13
1.10946e-13
1.17631e-13
1.2329e-13
1.27878e-13
1.31342e-13
1.33671e-13
1.34844e-13
-6.87333e-15
-2.0362e-14
-3.349e-14
-4.61567e-14
-5.82641e-14
-6.97175e-14
-8.04276e-14
-9.03097e-14
-9.92844e-14
-1.07284e-13
-1.14239e-13
-1.20103e-13
-1.24827e-13
-1.2837e-13
-1.30708e-13
-1.3183e-13
-1.31724e-13
-1.30403e-13
-1.27865e-13
-1.24156e-13
-1.19296e-13
-1.13333e-13
-1.0632e-13
-9.83303e-14
-8.94213e-14
-7.96822e-14
-6.91979e-14
-5.80606e-14
-4.63658e-14
-3.4219e-14
-2.17258e-14
-8.99503e-15
3.86814e-15
1.6733e-14
2.95189e-14
4.20915e-14
5.43513e-14
6.61946e-14
7.75174e-14
8.82293e-14
9.82451e-14
1.07474e-13
1.15852e-13
1.23301e-13
1.29776e-13
1.35226e-13
1.39616e-13
1.42923e-13
1.45121e-13
1.46221e-13
-7.35402e-15
-2.16326e-14
-3.53871e-14
-4.85247e-14
-6.09557e-14
-7.25918e-14
-8.33514e-14
-9.31631e-14
-1.01951e-13
-1.0966e-13
-1.16231e-13
-1.21617e-13
-1.25791e-13
-1.28717e-13
-1.30381e-13
-1.30785e-13
-1.2992e-13
-1.27803e-13
-1.24461e-13
-1.19934e-13
-1.14253e-13
-1.07487e-13
-9.96847e-14
-9.09246e-14
-8.12856e-14
-7.0853e-14
-5.97177e-14
-4.79803e-14
-3.57423e-14
-2.3111e-14
-1.01954e-14
2.89277e-15
1.60434e-14
2.91498e-14
4.20932e-14
5.47636e-14
6.70606e-14
7.88826e-14
9.01334e-14
1.00725e-13
1.10576e-13
1.19611e-13
1.27762e-13
1.34981e-13
1.41217e-13
1.46432e-13
1.50608e-13
1.53729e-13
1.55791e-13
1.56813e-13
-7.79543e-15
-2.27893e-14
-3.70993e-14
-5.06401e-14
-6.33315e-14
-7.50928e-14
-8.58529e-14
-9.55474e-14
-1.04109e-13
-1.11493e-13
-1.17649e-13
-1.22544e-13
-1.2615e-13
-1.28451e-13
-1.2944e-13
-1.29121e-13
-1.27508e-13
-1.24622e-13
-1.20498e-13
-1.15177e-13
-1.08724e-13
-1.01183e-13
-9.26331e-14
-8.31585e-14
-7.2836e-14
-6.1764e-14
-5.00375e-14
-3.776e-14
-2.50444e-14
-1.1991e-14
1.28159e-15
1.46618e-14
2.80399e-14
4.13099e-14
5.43515e-14
6.70622e-14
7.93375e-14
9.10816e-14
1.02208e-13
1.12628e-13
1.2227e-13
1.31068e-13
1.38965e-13
1.45915e-13
1.51881e-13
1.56842e-13
1.60783e-13
1.63706e-13
1.65625e-13
1.66566e-13
-8.19575e-15
-2.38269e-14
-3.86201e-14
-5.24984e-14
-6.53883e-14
-7.72218e-14
-8.7933e-14
-9.74666e-14
-1.05768e-13
-1.12799e-13
-1.18519e-13
-1.22903e-13
-1.25937e-13
-1.27608e-13
-1.27926e-13
-1.26901e-13
-1.24559e-13
-1.20926e-13
-1.16044e-13
-1.09974e-13
-1.02777e-13
-9.45151e-14
-8.52668e-14
-7.51252e-14
-6.41788e-14
-5.25252e-14
-4.02723e-14
-2.75207e-14
-1.43863e-14
-9.77613e-16
1.25897e-14
2.62047e-14
3.97462e-14
5.31146e-14
6.61941e-14
7.88814e-14
9.10826e-14
1.02698e-13
1.1365e-13
1.23854e-13
1.3325e-13
1.41775e-13
1.49383e-13
1.56037e-13
1.61713e-13
1.66399e-13
1.70093e-13
1.72809e-13
1.74575e-13
1.75433e-13
-8.55341e-15
-2.47435e-14
-3.99484e-14
-5.40981e-14
-6.71297e-14
-7.8984e-14
-8.96037e-14
-9.8937e-14
-1.0695e-13
-1.13601e-13
-1.18873e-13
-1.22736e-13
-1.25196e-13
-1.26251e-13
-1.25907e-13
-1.24194e-13
-1.21145e-13
-1.16789e-13
-1.11195e-13
-1.04416e-13
-9.65143e-14
-8.75775e-14
-7.76877e-14
-6.69382e-14
-5.54246e-14
-4.32554e-14
-3.0531e-14
-1.73703e-14
-3.88137e-15
9.82049e-15
2.36155e-14
3.73968e-14
5.10448e-14
6.44568e-14
7.75196e-14
9.0134e-14
1.02207e-13
1.13648e-13
1.24383e-13
1.34335e-13
1.43447e-13
1.51669e-13
1.58962e-13
1.653e-13
1.70667e-13
1.75062e-13
1.78499e-13
1.81001e-13
1.82612e-13
1.83382e-13
-8.86773e-15
-2.55379e-14
-4.10829e-14
-5.54432e-14
-6.85603e-14
-8.0386e-14
-9.08727e-14
-9.99839e-14
-1.07681e-13
-1.13938e-13
-1.1875e-13
-1.22095e-13
-1.23989e-13
-1.24431e-13
-1.23448e-13
-1.21074e-13
-1.17348e-13
-1.12319e-13
-1.06044e-13
-9.85939e-14
-9.00476e-14
-8.04906e-14
-7.00126e-14
-5.87104e-14
-4.66951e-14
-3.40654e-14
-2.09376e-14
-7.42625e-15
6.35469e-15
2.02857e-14
3.4252e-14
4.81385e-14
6.1834e-14
7.52352e-14
8.82326e-14
1.00726e-13
1.12626e-13
1.23856e-13
1.34335e-13
1.44002e-13
1.52803e-13
1.60698e-13
1.67657e-13
1.73661e-13
1.78707e-13
1.82804e-13
1.85977e-13
1.8826e-13
1.89712e-13
1.90397e-13
-9.13884e-15
-2.62123e-14
-4.20291e-14
-5.6539e-14
-6.96929e-14
-8.14492e-14
-9.17722e-14
-1.00628e-13
-1.07994e-13
-1.13851e-13
-1.182e-13
-1.21036e-13
-1.22373e-13
-1.22224e-13
-1.20629e-13
-1.17625e-13
-1.13258e-13
-1.07594e-13
-1.00691e-13
-9.26261e-14
-8.34872e-14
-7.33649e-14
-6.23567e-14
-5.05675e-14
-3.81066e-14
-2.5081e-14
-1.16099e-14
2.19071e-15
1.62003e-14
3.03038e-14
4.43876e-14
5.83278e-14
7.20237e-14
8.53644e-14
9.8244e-14
1.10575e-13
1.2227e-13
1.33251e-13
1.43447e-13
1.52803e-13
1.61275e-13
1.68826e-13
1.75436e-13
1.81097e-13
1.85815e-13
1.89609e-13
1.92515e-13
1.94581e-13
1.95874e-13
1.96474e-13
-9.36723e-15
-2.67685e-14
-4.2793e-14
-5.73975e-14
-7.05421e-14
-8.21948e-14
-9.23246e-14
-1.0091e-13
-1.07935e-13
-1.13396e-13
-1.17286e-13
-1.19627e-13
-1.20427e-13
-1.19721e-13
-1.17547e-13
-1.13946e-13
-1.08984e-13
-1.02727e-13
-9.52445e-14
-8.66234e-14
-7.69497e-14
-6.63216e-14
-5.4845e-14
-4.26275e-14
-2.97825e-14
-1.64229e-14
-2.66861e-15
1.13602e-14
2.55458e-14
3.97652e-14
5.39065e-14
6.78604e-14
8.15055e-14
9.47425e-14
1.07474e-13
1.19609e-13
1.31068e-13
1.41775e-13
1.51669e-13
1.60698e-13
1.68827e-13
1.76024e-13
1.8228e-13
1.87596e-13
1.91985e-13
1.95477e-13
1.9812e-13
1.99971e-13
2.01108e-13
2.01623e-13
-9.55462e-15
-2.72132e-14
-4.33847e-14
-5.80366e-14
-7.11345e-14
-8.26533e-14
-9.25715e-14
-1.00879e-13
-1.07563e-13
-1.12624e-13
-1.16078e-13
-1.17938e-13
-1.18234e-13
-1.17001e-13
-1.14284e-13
-1.10148e-13
-1.04638e-13
-9.78465e-14
-8.98418e-14
-8.07124e-14
-7.0563e-14
-5.94914e-14
-4.76099e-14
-3.5024e-14
-2.18551e-14
-8.22091e-15
5.75853e-15
1.99606e-14
3.42674e-14
4.85596e-14
6.27178e-14
7.66306e-14
9.01889e-14
1.03295e-13
1.15847e-13
1.27764e-13
1.38964e-13
1.49383e-13
1.58962e-13
1.67657e-13
1.75436e-13
1.8228e-13
1.88185e-13
1.93158e-13
1.97224e-13
2.00423e-13
2.02808e-13
2.04451e-13
2.05439e-13
2.05874e-13
-9.70303e-15
-2.75532e-14
-4.382e-14
-5.84733e-14
-7.14944e-14
-8.28575e-14
-9.2556e-14
-1.00579e-13
-1.06929e-13
-1.11614e-13
-1.14653e-13
-1.16065e-13
-1.15892e-13
-1.14179e-13
-1.10965e-13
-1.06332e-13
-1.00337e-13
-9.30556e-14
-8.45872e-14
-7.50222e-14
-6.44588e-14
-5.30067e-14
-4.07764e-14
-2.78861e-14
-1.44531e-14
-6.00301e-16
1.35526e-14
2.78786e-14
4.22597e-14
5.65775e-14
7.07131e-14
8.45611e-14
9.80023e-14
1.10946e-13
1.23301e-13
1.34981e-13
1.45914e-13
1.56037e-13
1.653e-13
1.73661e-13
1.81099e-13
1.87595e-13
1.93158e-13
1.97801e-13
2.01557e-13
2.04475e-13
2.06619e-13
2.08062e-13
2.08909e-13
2.09268e-13
-9.81531e-15
-2.77992e-14
-4.41127e-14
-5.8737e-14
-7.16564e-14
-8.28557e-14
-9.23287e-14
-1.00079e-13
-1.06115e-13
-1.10446e-13
-1.13096e-13
-1.14101e-13
-1.13508e-13
-1.1135e-13
-1.07705e-13
-1.02627e-13
-9.6197e-14
-8.85038e-14
-7.96353e-14
-6.9693e-14
-5.87792e-14
-4.70051e-14
-3.44896e-14
-2.13525e-14
-7.70895e-15
6.31167e-15
2.05873e-14
3.49944e-14
4.94116e-14
6.37221e-14
7.78016e-14
9.15537e-14
1.04861e-13
1.17634e-13
1.29776e-13
1.41216e-13
1.51882e-13
1.61713e-13
1.70667e-13
1.78707e-13
1.85815e-13
1.91984e-13
1.97223e-13
2.01558e-13
2.05025e-13
2.0768e-13
2.09596e-13
2.1086e-13
2.11576e-13
2.11866e-13
-9.89493e-15
-2.79606e-14
-4.42853e-14
-5.88559e-14
-7.16598e-14
-8.26906e-14
-9.19532e-14
-9.94474e-14
-1.05187e-13
-1.09197e-13
-1.11506e-13
-1.12151e-13
-1.11182e-13
-1.08646e-13
-1.04617e-13
-9.9165e-14
-9.23704e-14
-8.43235e-14
-7.512e-14
-6.48617e-14
-5.36615e-14
-4.16281e-14
-2.88864e-14
-1.55538e-14
-1.75482e-15
1.23871e-14
2.67422e-14
4.11917e-14
5.56146e-14
6.98844e-14
8.38939e-14
9.75363e-14
1.10696e-13
1.2329e-13
1.35226e-13
1.46432e-13
1.56841e-13
1.66399e-13
1.75062e-13
1.82804e-13
1.89609e-13
1.95477e-13
2.00423e-13
2.04475e-13
2.07681e-13
2.10101e-13
2.11815e-13
2.12915e-13
2.13515e-13
2.13744e-13
-9.94692e-15
-2.80534e-14
-4.43612e-14
-5.88629e-14
-7.15505e-14
-8.24223e-14
-9.14889e-14
-9.87531e-14
-1.04242e-13
-1.07976e-13
-1.09988e-13
-1.10331e-13
-1.09042e-13
-1.06193e-13
-1.0185e-13
-9.60924e-14
-8.8995e-14
-8.06608e-14
-7.11887e-14
-6.06837e-14
-4.92565e-14
-3.70222e-14
-2.41091e-14
-1.06362e-14
3.2756e-15
1.74949e-14
3.18982e-14
4.63594e-14
6.076e-14
7.49828e-14
8.89043e-14
1.02437e-13
1.15455e-13
1.27871e-13
1.39616e-13
1.50609e-13
1.60783e-13
1.70093e-13
1.78499e-13
1.85976e-13
1.92515e-13
1.98119e-13
2.02808e-13
2.06617e-13
2.09596e-13
2.11813e-13
2.13353e-13
2.14315e-13
2.14816e-13
2.14991e-13
-9.97607e-15
-2.80932e-14
-4.43695e-14
-5.87969e-14
-7.13769e-14
-8.2112e-14
-9.10106e-14
-9.80876e-14
-1.03366e-13
-1.0688e-13
-1.08658e-13
-1.08756e-13
-1.07223e-13
-1.04129e-13
-9.95391e-14
-9.3542e-14
-8.62249e-14
-7.7671e-14
-6.79969e-14
-5.73059e-14
-4.57146e-14
-3.33388e-14
-2.03063e-14
-6.73395e-15
7.24804e-15
2.15143e-14
3.59361e-14
5.03904e-14
6.47584e-14
7.8925e-14
9.27659e-14
1.06175e-13
1.19068e-13
1.31342e-13
1.42923e-13
1.53729e-13
1.63706e-13
1.72809e-13
1.81002e-13
1.8826e-13
1.94582e-13
1.99971e-13
2.04451e-13
2.08062e-13
2.1086e-13
2.12915e-13
2.14315e-13
2.15159e-13
2.15588e-13
2.15722e-13
-9.98834e-15
-2.80985e-14
-4.43375e-14
-5.87041e-14
-7.11998e-14
-8.18276e-14
-9.06026e-14
-9.75418e-14
-1.0267e-13
-1.06022e-13
-1.07635e-13
-1.07562e-13
-1.05862e-13
-1.02593e-13
-9.78407e-14
-9.16774e-14
-8.42018e-14
-7.55095e-14
-6.57024e-14
-5.48924e-14
-4.31941e-14
-3.07284e-14
-1.76199e-14
-3.98768e-15
1.00292e-14
2.43134e-14
3.87385e-14
5.31766e-14
6.75162e-14
8.16226e-14
9.53983e-14
1.0872e-13
1.21511e-13
1.33671e-13
1.45121e-13
1.55792e-13
1.65626e-13
1.74577e-13
1.82612e-13
1.89713e-13
1.95874e-13
2.01108e-13
2.05438e-13
2.08909e-13
2.11576e-13
2.13515e-13
2.14816e-13
2.15588e-13
2.15956e-13
2.16054e-13
-9.99091e-15
-2.80903e-14
-4.43041e-14
-5.86308e-14
-7.10766e-14
-8.16455e-14
-9.03527e-14
-9.7217e-14
-1.02262e-13
-1.0553e-13
-1.07054e-13
-1.06893e-13
-1.05099e-13
-1.01749e-13
-9.69071e-14
-9.06615e-14
-8.31119e-14
-7.43475e-14
-6.44692e-14
-5.36007e-14
-4.18526e-14
-2.93436e-14
-1.62011e-14
-2.5497e-15
1.1487e-14
2.57763e-14
4.01965e-14
5.46205e-14
6.8929e-14
8.30039e-14
9.67326e-14
1.10011e-13
1.2275e-13
1.34841e-13
1.46219e-13
1.56813e-13
1.66566e-13
1.75433e-13
1.83382e-13
1.90397e-13
1.96473e-13
2.01624e-13
2.05874e-13
2.09268e-13
2.11866e-13
2.13744e-13
2.14991e-13
2.15722e-13
2.16054e-13
2.16149e-13
